132 162 222 195 203 237 183 181 230 191 183 208 184 179 191 161 140 200 134 148 160 128 111 162 106 110 155 76 50 137 55 67 224 187 195 236 176 179 219 186 179 205 173 169 183 152 124 191 119 138 158 110 108 151 99 110 155 61 36 141 40 58 
189 81 198 196 195 202 195 201 204 186 182 180 178 179 169 159 134 183 130 153 139 126 107 136 104 114 131 73 46 109 49 65 202 195 192 204 196 200 195 186 183 175 169 173 162 152 119 176 115 145 135 109 108 128 100 113 130 58 32 113 34 57 
182 88 194 197 200 207 188 186 208 185 179 184 179 175 172 161 134 187 128 144 142 126 105 143 99 108 133 72 45 117 49 64 196 195 197 210 186 184 198 181 179 180 172 170 164 154 119 179 115 137 138 110 104 134 93 109 132 58 32 121 34 57 
206 60 173 199 201 183 199 203 202 189 177 169 177 178 171 166 135 179 128 146 137 131 109 128 102 111 126 77 46 96 49 68 177 201 200 185 202 204 193 188 177 164 171 174 160 158 120 172 114 140 132 111 109 119 96 111 123 61 33 98 34 59 
218 62 185 214 211 164 206 211 189 208 189 168 176 174 160 186 154 177 130 148 132 145 121 127 108 112 124 90 52 87 58 73 186 215 212 163 210 213 179 204 190 164 169 169 150 179 139 169 115 142 123 124 117 112 103 111 116 73 37 84 42 63 
134 162 229 202 208 235 188 189 231 192 182 203 179 190 194 173 146 199 141 168 165 140 117 163 118 130 158 84 57 140 61 77 234 197 202 234 182 185 220 186 178 199 169 182 185 162 130 190 127 163 160 117 114 152 112 126 158 67 42 144 43 64 
144 152 221 212 213 230 176 188 231 198 181 201 184 189 190 171 140 198 141 166 162 141 114 161 116 132 159 86 56 138 59 78 223 211 211 229 168 180 222 194 178 198 172 181 182 162 124 189 123 156 158 120 112 151 108 127 158 68 41 142 42 65 
183 112 210 226 221 211 184 194 209 210 186 180 183 177 176 180 137 189 130 150 147 136 113 148 108 117 144 80 50 121 52 72 209 226 220 211 181 190 199 206 184 175 179 171 166 176 120 182 112 144 142 116 111 138 101 119 143 63 35 124 34 63 
169 141 220 233 227 223 181 194 216 211 189 189 187 179 184 183 141 194 133 157 155 144 119 157 116 123 154 91 58 131 60 81 219 233 226 223 174 190 205 208 187 184 182 172 173 178 123 186 115 151 149 124 116 146 108 122 153 72 42 133 40 70 
211 44 157 202 204 174 203 206 180 179 175 161 173 173 163 161 132 181 128 149 127 126 108 134 105 114 117 72 48 98 51 66 157 205 205 172 206 208 172 177 176 160 167 169 150 156 118 175 114 145 121 112 108 130 104 118 114 60 39 102 39 60 
232 41 168 207 211 163 209 210 166 180 182 170 179 176 162 177 137 170 132 164 130 134 114 132 128 124 115 92 60 86 61 87 165 210 213 159 213 212 154 179 183 173 172 172 154 177 123 164 117 169 120 115 111 128 138 128 106 82 48 81 43 91 
204 73 188 198 199 193 190 196 192 187 180 170 182 176 170 174 143 177 138 156 138 141 120 133 116 124 126 85 54 97 56 76 190 200 198 192 188 195 182 184 178 166 177 168 157 168 129 169 122 148 128 121 117 120 109 123 121 68 39 97 38 68 
213 58 180 201 203 179 196 201 185 184 180 160 180 175 163 169 140 175 135 151 131 135 114 127 111 118 119 79 50 91 51 71 182 204 203 177 197 201 174 181 179 156 174 169 150 163 124 168 120 144 121 117 111 113 104 119 113 64 35 89 35 64 
213 58 184 196 200 173 206 206 186 185 175 158 181 173 164 166 137 179 133 155 134 138 124 130 120 127 127 101 67 96 69 98 184 196 200 174 209 207 175 187 175 152 175 167 156 158 123 173 118 150 123 118 122 118 117 124 116 84 52 97 51 89 
199 70 186 192 196 189 190 192 197 186 179 175 179 173 165 164 141 181 136 152 139 142 125 136 129 132 130 110 71 101 72 102 190 192 195 192 192 194 189 184 180 169 172 169 158 158 125 174 120 144 132 119 123 123 126 129 120 92 56 102 51 89 
215 51 179 202 204 177 201 205 188 183 179 163 179 173 158 159 136 176 130 147 130 127 110 127 112 112 119 80 52 89 56 73 183 204 204 178 204 206 180 182 180 157 174 168 151 153 121 169 115 141 122 110 109 116 109 112 113 65 39 88 39 64 
201 64 187 198 201 186 197 198 196 181 180 173 177 176 162 161 136 181 132 151 135 133 114 134 110 119 125 79 50 104 53 70 190 199 201 188 199 199 187 178 180 169 171 170 152 154 120 174 117 147 127 115 111 124 104 120 120 63 37 107 37 61 
207 55 181 205 207 178 196 199 192 182 178 164 174 174 160 157 134 180 128 145 131 126 106 129 102 110 122 75 45 99 48 67 182 207 208 178 199 200 183 180 178 160 168 170 151 151 119 175 114 138 124 110 105 120 98 110 118 61 32 103 34 60 
225 47 164 208 215 169 208 209 175 180 183 161 180 179 153 173 149 181 136 165 130 142 129 132 118 125 117 89 58 89 61 80 162 211 216 166 212 212 167 177 182 157 173 176 144 178 132 175 119 172 120 121 127 115 112 126 103 72 41 82 43 70 
238 34 159 213 218 173 215 215 161 179 180 155 178 178 146 161 140 178 131 151 121 132 117 126 110 115 110 80 51 81 54 72 155 216 220 168 219 218 150 176 179 149 171 175 138 155 124 173 116 145 110 114 114 111 106 115 97 65 36 73 38 65 
174 100 202 195 199 215 181 181 214 189 180 185 175 176 176 170 136 188 131 151 146 134 108 147 104 114 139 85 50 120 53 77 205 192 195 215 176 178 204 185 179 182 168 170 170 164 118 180 115 143 142 119 105 139 97 116 139 68 34 125 35 69 
120 179 227 205 212 245 196 182 235 197 184 209 181 180 196 170 138 203 134 155 165 132 109 169 106 117 162 81 52 145 56 73 229 199 205 245 190 178 224 191 179 206 169 168 188 160 119 194 117 147 162 116 105 159 97 116 162 65 39 149 42 64 
211 47 163 201 203 175 202 205 186 180 176 160 176 174 161 163 131 181 128 148 129 129 112 135 109 116 120 75 52 97 53 69 166 203 205 174 205 207 178 179 177 156 169 170 149 159 117 175 114 144 121 114 111 132 110 120 116 60 41 99 42 61 
119 169 211 198 211 247 199 171 232 194 179 209 179 178 192 170 137 203 130 152 163 133 114 169 112 119 161 80 56 146 59 72 214 192 205 246 194 170 221 189 173 205 168 167 179 161 118 195 113 145 159 115 110 160 109 120 162 64 45 150 46 62 
235 41 160 211 216 169 213 212 182 181 180 149 173 175 169 159 135 176 135 143 133 128 108 120 111 118 113 79 47 81 50 73 160 215 218 165 217 215 170 180 179 144 166 171 160 150 121 170 121 136 124 112 106 104 106 120 103 65 33 75 34 67 
132 160 222 201 207 239 187 176 232 193 183 205 180 177 193 160 137 200 132 148 161 128 106 164 105 114 157 78 50 140 53 70 225 194 200 239 181 172 223 188 180 202 169 166 184 148 120 191 116 138 159 112 102 155 96 115 157 63 36 144 38 62 
191 101 214 220 213 199 193 210 211 185 180 174 175 178 179 161 133 184 129 147 148 130 106 138 100 114 143 79 47 111 49 71 214 222 213 198 193 210 204 184 180 169 167 173 172 154 117 177 114 139 143 111 106 129 94 113 142 64 32 114 34 62 
202 67 188 204 204 185 186 194 193 179 176 167 170 184 160 155 132 180 129 155 131 125 106 130 103 114 123 73 44 94 48 66 188 206 205 185 187 193 185 177 175 162 162 180 152 149 117 173 115 150 125 109 105 120 97 115 119 59 31 95 34 58 
204 61 185 203 205 181 191 195 191 179 175 164 171 183 159 155 133 180 130 150 131 126 109 131 106 113 121 73 46 92 50 66 186 205 205 181 192 195 182 177 174 159 163 179 152 149 117 174 116 144 124 109 109 121 101 112 117 58 33 91 36 58 
175 106 206 201 200 213 174 186 208 181 176 186 171 190 172 157 134 188 133 162 143 127 114 144 109 122 137 77 50 106 53 71 206 199 198 213 170 180 199 178 172 183 161 186 165 150 118 180 118 158 140 109 113 134 104 124 136 61 36 108 38 62 
189 111 198 195 194 204 190 186 207 200 185 186 188 200 184 188 151 188 157 190 156 151 124 145 129 140 130 95 63 117 66 89 200 192 191 207 187 181 198 198 182 181 176 196 174 179 134 180 141 187 148 127 121 132 123 136 122 77 46 117 46 77 
195 116 199 195 193 202 195 193 207 203 189 183 191 209 185 193 155 188 160 194 160 158 129 145 135 147 130 100 68 117 71 95 201 191 189 205 193 188 197 200 185 178 177 206 172 185 138 180 144 191 152 134 126 131 130 142 118 81 52 115 51 82 
201 72 199 209 207 186 196 203 199 183 179 165 174 177 170 160 132 181 128 147 138 129 105 132 100 113 131 78 45 103 48 69 200 210 208 185 198 203 192 182 179 160 167 173 163 153 117 175 113 140 131 111 104 123 95 112 128 63 32 106 33 60 
163 133 207 190 195 230 187 179 220 193 183 200 185 182 185 162 142 203 147 155 154 131 117 166 127 122 146 80 57 135 60 73 210 185 189 229 186 174 210 190 181 204 177 175 176 154 125 195 132 149 150 111 113 153 125 121 145 64 41 138 41 62 
186 104 193 191 195 221 191 188 208 190 182 194 184 182 176 162 140 198 143 155 146 130 114 159 122 120 135 78 53 125 56 70 196 188 190 220 189 185 199 188 182 198 176 175 167 153 124 191 128 149 140 111 111 146 119 120 132 62 38 128 38 60 
86 192 185 187 219 255 217 179 214 189 178 216 177 178 212 172 133 209 129 160 171 131 113 177 110 118 170 82 58 155 59 72 189 182 214 255 215 177 203 185 175 211 164 170 199 162 116 200 112 154 166 112 112 167 107 119 170 69 50 159 50 65 
114 151 165 181 203 247 202 180 194 182 174 210 175 174 200 168 130 204 126 157 177 133 111 169 110 120 154 77 58 145 60 69 174 178 196 247 196 177 187 178 172 207 165 168 188 161 113 197 109 154 174 114 114 161 112 121 154 61 49 151 47 61 
125 168 216 199 212 244 197 174 229 193 181 208 179 176 187 165 134 202 131 149 164 134 110 167 108 117 159 80 53 143 57 70 216 193 206 244 191 172 218 190 177 203 168 166 174 157 117 193 115 144 159 117 109 158 107 120 158 65 43 147 45 60 
170 103 191 191 197 220 183 178 215 188 176 189 175 174 173 162 132 190 127 148 149 130 109 150 106 117 141 75 49 123 52 67 193 189 192 220 177 176 205 186 174 185 168 167 160 157 117 183 113 144 143 114 108 144 107 120 141 59 38 127 41 58 
224 91 174 212 213 205 208 208 199 223 191 171 187 210 167 201 158 182 151 186 138 174 138 130 142 163 123 123 83 98 88 116 171 213 212 208 209 210 191 217 189 166 176 208 154 194 142 179 135 179 122 148 136 117 138 162 106 102 66 97 68 101 
223 81 173 211 213 201 207 208 196 217 188 170 185 206 163 195 154 182 147 181 133 165 131 130 136 155 119 113 75 100 80 107 170 212 212 204 209 210 188 212 186 166 175 205 149 188 137 179 131 175 118 141 128 118 132 154 104 92 59 100 61 93 
241 32 157 213 217 177 216 216 160 181 179 148 175 181 145 166 136 175 131 151 121 137 112 118 107 125 108 88 52 78 53 80 153 217 219 171 220 219 148 179 178 142 168 178 131 161 120 169 116 143 109 118 110 101 101 124 96 72 37 71 36 71 
226 45 163 209 212 163 208 209 177 187 178 143 173 182 154 180 140 177 135 168 133 158 125 123 124 149 119 110 66 87 69 103 162 212 213 160 212 212 168 186 177 137 166 179 141 176 123 173 119 162 119 134 123 108 117 147 104 91 49 85 50 91 
209 104 193 194 194 184 190 204 191 198 192 186 182 201 162 195 141 198 139 203 132 179 118 163 115 178 123 147 76 105 72 139 198 195 194 187 187 201 178 194 191 186 170 194 147 202 125 196 123 208 118 166 116 153 109 195 112 144 72 109 61 147 
212 99 192 195 196 182 192 205 189 197 191 181 182 201 160 194 140 193 138 202 130 179 116 155 113 176 121 147 73 99 71 137 197 197 196 186 189 202 175 193 190 182 170 193 145 201 124 191 122 207 116 166 112 145 106 193 110 145 70 103 61 145 
225 59 168 205 207 159 206 210 176 187 183 164 174 181 151 173 135 189 132 175 123 155 111 158 109 150 112 117 58 99 59 108 167 208 209 153 208 210 165 184 183 163 165 179 138 175 119 187 116 178 111 142 107 151 102 164 102 115 47 102 43 113 
218 64 167 206 208 171 205 205 189 202 187 159 177 176 163 200 146 185 136 146 128 148 114 144 106 110 115 96 48 97 51 77 166 207 208 169 208 206 175 201 186 154 171 173 148 197 129 177 122 138 116 129 110 128 100 115 106 88 34 94 34 72 
229 47 159 208 212 163 211 211 178 195 185 151 176 177 155 187 140 179 133 144 122 141 110 133 104 110 109 89 47 87 49 73 155 211 213 160 214 213 164 194 184 147 170 174 139 185 124 172 119 137 110 122 106 116 99 114 98 80 33 82 33 66 
246 30 160 215 219 184 218 219 156 181 181 151 176 179 142 156 133 174 130 141 116 124 105 117 99 109 102 72 44 75 45 66 158 219 222 178 222 221 144 179 180 144 169 176 129 148 118 169 116 134 106 110 103 100 94 113 94 59 31 67 31 60 
176 95 201 195 199 213 182 182 213 185 179 183 175 175 175 159 134 187 129 141 145 132 105 147 101 109 137 79 45 119 47 68 204 193 195 214 178 180 203 182 178 179 168 169 168 150 118 180 114 133 141 114 102 138 94 113 138 65 30 123 31 61 
172 106 201 200 208 217 179 177 215 188 190 187 176 172 177 162 144 190 137 147 147 130 125 156 119 116 139 77 54 122 56 69 203 199 205 217 173 175 205 185 189 184 168 168 170 153 127 180 122 137 144 112 122 142 113 117 140 60 37 124 36 63 
181 93 196 194 202 214 189 186 209 186 186 185 182 174 171 159 143 189 136 146 142 128 120 158 116 114 133 75 51 123 53 68 199 194 198 217 186 185 200 185 187 180 175 167 164 150 125 179 120 139 139 112 116 142 107 115 134 59 35 126 34 61 
178 107 198 189 192 221 182 184 213 190 184 189 178 178 177 188 152 184 149 182 148 157 139 142 149 146 138 99 80 110 81 93 202 187 186 222 177 181 204 187 183 186 171 171 168 182 134 174 131 181 143 135 139 132 150 143 137 78 64 113 62 79 
189 91 191 192 195 212 188 189 206 190 182 176 179 177 171 197 152 183 146 184 143 158 150 140 142 155 132 103 83 108 84 100 195 191 191 215 185 188 197 188 179 169 171 172 163 207 133 176 129 182 138 138 153 128 140 156 129 83 64 111 66 86 
154 138 223 211 208 226 171 189 224 189 185 197 177 179 188 166 140 198 136 152 176 141 114 162 110 129 169 100 63 132 64 93 227 208 203 225 163 181 214 184 184 197 168 170 180 155 122 190 123 142 169 119 111 154 102 128 161 82 50 136 45 82 
165 122 208 186 196 220 186 177 215 188 182 194 178 176 180 163 139 194 135 154 178 144 111 157 109 130 177 106 62 129 63 95 210 180 189 220 179 174 206 187 179 193 169 169 171 153 123 186 119 149 169 121 107 148 101 127 168 89 47 133 44 84 
208 52 176 201 205 177 199 201 192 181 179 160 175 174 158 154 133 178 127 140 131 126 105 129 100 110 118 72 44 97 46 66 179 203 205 177 201 202 183 179 179 155 170 171 150 145 118 173 114 133 124 111 103 119 94 114 115 58 31 100 30 60 
162 117 211 194 196 223 178 179 219 190 180 191 176 171 181 161 136 191 133 149 152 133 114 153 115 119 144 83 54 125 56 75 215 189 190 224 170 175 208 188 179 188 167 163 174 151 120 182 119 143 148 115 112 143 111 118 144 66 38 130 38 66 
139 146 199 175 197 242 182 170 223 189 187 198 170 183 189 169 151 205 139 162 160 145 130 168 129 136 154 92 69 142 70 83 204 170 193 244 177 167 213 188 185 193 160 174 177 163 134 196 124 154 158 122 127 155 123 134 154 74 52 145 51 72 
151 131 192 173 191 231 196 187 213 188 187 202 192 170 191 182 148 196 140 173 160 153 137 161 136 141 148 103 77 135 78 91 194 167 185 232 189 185 203 186 187 198 184 162 178 176 132 187 123 175 156 128 134 151 131 138 146 83 59 140 56 79 
148 124 190 185 196 231 191 187 220 191 178 199 184 175 188 163 135 196 128 150 157 132 108 159 110 117 152 83 53 134 56 74 193 181 190 232 184 185 210 189 175 196 175 164 177 154 119 188 112 143 155 112 104 150 105 116 153 66 38 139 39 65 
135 138 198 182 200 237 186 180 221 185 179 202 178 173 191 161 133 196 128 148 160 130 107 160 105 115 154 80 50 135 53 71 200 179 192 237 178 180 210 182 176 199 169 165 180 152 117 187 114 139 158 110 104 151 98 113 155 65 36 140 37 63 
206 54 166 200 201 181 198 203 191 178 178 170 178 171 157 161 133 178 129 151 133 128 104 128 107 118 121 77 49 98 50 71 171 202 201 183 201 205 184 174 177 164 173 167 142 156 117 172 114 143 124 111 102 119 100 115 119 62 36 100 35 62 
144 130 199 188 200 235 183 173 223 189 180 201 177 174 184 159 134 196 129 151 156 126 104 159 103 111 152 77 50 135 52 70 203 184 193 236 175 170 213 187 178 198 169 166 172 149 117 188 114 144 153 110 101 149 96 109 154 62 35 139 37 61 
162 104 191 186 191 223 180 180 215 186 177 193 175 171 176 156 132 189 124 143 149 123 102 149 99 108 143 75 47 124 48 69 195 183 185 225 174 179 205 185 177 190 167 164 164 149 116 181 111 136 146 108 99 140 93 107 145 61 32 129 33 61 
234 39 164 208 212 164 211 212 164 179 181 170 178 176 161 177 136 170 131 164 129 132 113 131 126 122 114 91 59 84 60 87 161 211 214 160 214 214 152 178 183 173 172 173 153 177 121 164 116 168 119 115 110 126 135 125 104 81 48 80 43 91 
225 45 161 209 213 175 210 211 177 177 176 169 179 177 155 162 133 180 133 149 121 128 108 129 108 115 111 75 48 83 53 68 159 213 216 171 213 213 168 174 176 167 173 173 148 157 118 175 120 145 111 113 107 120 108 121 103 60 39 79 42 61 
140 146 209 196 207 239 192 175 228 189 176 197 178 175 184 163 134 197 131 150 158 128 109 160 108 116 154 77 51 135 56 68 213 190 202 239 185 173 217 185 172 193 169 165 172 158 118 189 117 145 154 113 107 152 108 120 155 62 41 139 44 61 
158 127 205 189 200 229 183 169 217 193 182 196 180 181 190 171 142 195 135 161 164 140 118 157 115 128 151 86 57 131 59 77 208 184 193 229 175 166 207 190 179 190 172 176 179 163 125 186 118 155 158 121 114 149 111 128 149 69 43 135 43 67 
157 124 200 184 198 228 190 188 221 191 182 198 181 178 187 169 141 195 136 158 155 137 116 157 113 125 144 84 55 129 56 74 203 181 191 228 183 186 213 189 180 193 171 168 177 160 125 187 120 153 149 117 113 150 108 126 143 67 42 134 41 65 
115 186 230 206 213 246 195 185 236 193 184 212 181 182 199 163 137 205 134 150 167 130 108 169 105 114 164 80 52 147 57 70 232 200 206 245 190 180 226 186 179 209 167 171 189 153 119 195 119 140 164 112 106 158 97 115 164 65 40 150 44 62 
173 107 196 204 200 218 173 190 204 189 184 195 172 184 184 182 143 183 135 169 145 141 118 141 115 125 134 85 54 107 54 77 201 204 198 221 165 187 196 185 184 190 160 180 172 174 127 174 120 162 140 122 115 136 111 125 131 68 42 112 40 69 
165 138 212 184 174 219 195 209 204 196 185 196 201 199 187 181 145 192 152 180 146 141 117 155 130 138 135 89 62 126 63 84 211 182 168 218 193 206 192 192 180 192 192 190 175 173 128 182 134 172 139 120 114 145 123 137 130 71 50 127 45 74 
216 44 168 203 208 156 204 204 183 181 179 148 178 174 157 155 134 179 131 157 130 129 100 128 108 130 114 77 49 93 49 76 170 206 210 153 206 205 173 181 180 143 171 170 149 148 119 174 116 151 124 117 95 116 101 134 111 64 37 95 33 67 
228 43 166 208 211 158 209 210 174 184 180 173 175 175 164 179 139 169 132 165 132 137 117 133 130 128 117 94 62 86 62 89 167 211 213 154 212 212 166 183 179 177 169 172 156 179 125 162 118 168 121 117 115 129 138 130 108 82 50 83 45 91 
233 30 159 209 213 172 213 213 165 182 179 150 177 178 135 152 132 176 126 141 121 127 101 126 102 118 102 70 44 82 46 60 156 211 215 167 216 215 155 181 178 146 171 175 121 147 117 172 112 136 111 114 97 115 95 125 90 59 33 80 31 52 
169 97 206 190 193 206 179 181 214 187 180 186 176 177 174 155 134 191 128 142 146 128 102 146 103 118 138 72 46 122 48 61 209 187 189 207 176 177 204 185 180 186 169 170 167 147 118 185 113 136 144 114 97 134 95 125 141 60 32 127 31 52 
213 86 186 183 182 186 197 204 195 194 184 173 183 192 168 187 150 173 145 173 136 145 122 127 120 137 119 92 59 82 60 84 184 181 178 189 201 204 183 193 184 170 175 187 151 179 134 163 132 167 122 123 121 112 114 135 105 75 44 72 43 73 
203 96 187 176 176 195 190 198 201 196 186 180 185 194 171 188 151 174 146 175 140 148 124 130 122 141 123 95 60 85 62 87 186 173 171 198 192 197 189 194 186 176 177 189 154 181 135 163 133 170 126 124 122 116 115 140 109 78 46 77 45 76 
232 33 161 211 215 166 210 211 168 176 177 149 175 173 146 157 135 177 129 148 120 127 109 123 108 114 110 78 51 83 54 73 158 215 217 163 214 214 157 174 176 143 168 169 138 150 120 173 115 143 109 109 107 112 105 114 97 63 37 80 38 65 
229 33 162 209 213 161 209 210 172 176 177 147 175 174 148 156 135 177 128 146 121 126 108 123 105 112 110 76 48 84 51 71 159 213 215 159 212 212 162 174 177 141 168 170 140 150 120 173 114 140 110 108 107 112 102 113 97 63 34 82 36 63 
228 39 162 209 213 166 210 211 177 183 180 152 180 174 154 162 139 177 133 152 127 129 110 124 110 121 116 81 51 86 53 74 160 212 214 162 213 213 167 182 179 147 173 170 144 156 124 172 117 145 115 112 108 112 106 119 104 66 37 83 39 66 
242 50 162 216 221 184 219 219 172 189 184 160 188 178 158 172 148 179 142 166 133 138 116 126 119 135 121 90 56 83 59 84 157 218 222 179 222 220 164 189 182 154 180 172 144 166 133 174 124 161 119 117 113 109 114 133 105 73 41 75 42 76 
232 40 158 209 213 162 211 212 171 181 186 155 183 188 152 170 137 176 135 158 124 144 112 123 112 119 112 87 50 81 55 76 154 213 215 158 215 214 160 177 187 150 174 184 142 165 122 172 121 153 113 125 110 110 108 119 99 72 35 76 39 67 
191 108 193 209 201 192 191 209 212 210 199 188 196 204 174 194 152 187 150 185 145 153 122 144 122 133 135 97 57 115 61 86 195 208 203 188 189 208 204 208 203 187 186 205 164 191 136 179 135 184 142 134 120 135 120 136 130 81 40 117 44 75 
245 44 171 213 217 185 215 215 161 178 180 156 180 183 147 164 146 176 135 157 122 133 116 123 113 118 108 82 52 78 55 74 168 216 219 180 218 217 149 174 178 150 173 180 138 156 130 170 119 151 110 112 115 109 109 117 95 67 38 69 39 65 
227 39 170 206 210 162 206 207 172 177 178 146 176 178 151 162 141 176 133 152 124 130 114 124 110 116 110 80 50 84 53 72 171 209 212 159 209 209 161 174 178 141 170 176 143 154 127 171 118 146 113 111 114 112 105 116 98 65 36 81 38 64 
231 42 161 204 207 164 212 212 170 184 184 150 174 176 152 176 147 174 129 151 126 135 117 132 108 124 115 84 53 85 55 76 159 207 210 159 216 215 159 180 183 146 168 172 141 169 132 168 116 145 113 114 116 126 104 123 104 68 38 80 39 67 
234 39 160 205 209 166 213 214 167 183 183 149 174 177 150 173 145 174 129 150 125 133 116 130 107 121 113 82 51 83 54 74 156 209 212 161 217 216 156 180 183 144 168 173 139 166 130 169 115 144 112 113 115 122 103 121 102 68 37 78 39 66 
190 72 173 193 196 201 193 198 199 185 182 180 175 176 172 164 135 185 134 153 138 131 113 141 111 120 129 81 52 111 55 73 178 194 194 202 193 199 191 184 182 175 167 171 159 159 120 179 121 149 133 114 110 136 109 123 128 65 41 115 41 66 
221 44 164 206 209 162 204 205 178 179 180 152 174 178 156 163 138 178 138 153 123 129 110 129 111 121 108 73 50 97 52 69 160 208 211 156 208 207 168 175 179 146 166 175 147 155 124 172 127 146 113 113 107 118 106 122 100 62 36 96 38 61 
215 51 169 203 208 170 207 208 175 186 178 156 178 176 165 175 134 183 138 155 128 136 113 137 114 124 113 82 55 102 57 75 176 207 209 165 209 209 166 187 178 151 172 173 152 168 118 178 125 148 118 117 109 132 111 124 103 67 43 105 42 67 
229 44 164 208 211 158 209 210 177 186 180 174 178 177 165 180 138 169 134 166 132 137 116 133 129 127 117 94 61 86 62 89 165 211 213 155 213 213 169 185 179 176 172 174 156 179 124 163 120 168 122 117 113 128 137 130 108 82 49 82 45 91 
221 41 158 203 205 164 207 210 174 184 174 156 173 175 160 163 131 178 126 149 124 131 110 129 105 115 114 78 50 88 52 69 158 206 207 160 211 213 163 185 175 153 166 173 149 159 117 172 113 145 114 115 107 123 105 120 109 63 41 87 41 64 
206 59 167 199 200 184 196 201 186 188 178 160 180 174 169 173 135 180 136 159 135 138 115 134 117 122 121 88 54 96 58 77 170 200 198 183 198 203 178 187 176 156 173 168 157 165 118 174 120 153 129 118 113 128 115 124 116 71 42 98 45 68 
218 51 159 204 208 176 203 205 181 186 184 159 173 185 164 170 141 180 140 167 132 134 116 135 118 133 115 82 54 97 58 76 157 207 209 176 207 207 175 186 185 155 166 184 151 163 125 174 128 162 122 117 113 127 114 134 105 66 43 95 45 68 
225 38 157 207 210 164 209 211 172 183 178 151 177 176 161 165 134 178 135 157 127 130 110 128 108 122 113 77 50 86 53 70 154 210 211 159 213 213 163 181 179 148 171 172 149 160 119 172 121 151 116 114 108 121 107 126 105 63 39 83 42 63 
220 52 166 211 216 182 205 203 178 182 181 168 181 172 157 168 135 184 139 159 126 136 114 138 120 121 116 80 55 103 56 73 166 214 218 178 209 206 170 181 180 162 175 167 146 161 118 179 124 153 117 117 112 133 117 121 109 65 43 107 41 65 
92 217 227 212 228 255 210 188 240 200 188 214 187 186 197 176 139 205 145 179 172 136 122 172 134 133 170 93 71 148 71 84 229 205 222 255 207 184 228 193 182 209 174 173 181 167 121 196 128 173 167 115 119 163 130 129 170 78 56 151 50 72 
223 39 163 209 211 165 206 207 176 181 177 156 174 173 156 161 131 178 127 146 123 129 109 130 107 116 115 74 48 92 49 68 162 212 214 161 210 210 166 179 176 151 167 169 146 156 116 173 114 142 115 114 109 124 108 119 108 60 39 93 38 61 
195 84 195 214 213 203 188 196 208 187 179 170 171 176 172 163 139 187 145 157 143 131 118 144 127 124 141 79 59 112 56 73 196 216 214 204 188 196 199 184 175 166 157 169 158 156 124 180 129 149 138 114 118 138 123 124 140 63 51 116 42 63 
199 85 186 195 195 198 206 208 204 195 184 180 187 186 172 177 148 186 146 170 145 140 120 143 125 135 130 86 58 110 59 80 193 194 193 202 209 209 194 193 178 175 177 179 156 171 131 178 129 163 136 119 118 133 122 133 125 70 45 112 43 69 
200 89 183 189 190 193 205 204 196 197 191 173 193 196 170 171 143 186 156 184 137 137 118 143 129 138 123 83 61 113 61 81 185 188 188 191 206 204 188 195 192 168 187 193 155 164 126 178 141 177 129 117 115 134 123 136 119 67 47 113 43 70 
179 96 205 198 195 214 187 201 214 187 178 184 179 175 175 164 135 186 132 153 149 144 129 147 131 136 144 104 71 117 71 97 213 196 192 216 185 200 204 185 179 181 172 167 162 159 120 178 116 146 144 122 126 139 129 135 143 86 55 122 51 84 
209 52 166 196 201 181 200 201 187 183 176 165 176 174 159 161 131 179 127 148 129 131 113 134 112 119 121 80 53 99 54 73 168 199 201 182 202 202 179 183 177 161 169 170 148 155 116 173 113 144 123 113 114 128 111 121 116 64 42 101 40 64 
219 45 157 205 208 162 205 208 176 180 177 157 173 174 171 167 143 180 143 155 137 142 123 132 123 127 121 85 56 90 59 76 155 208 209 157 208 210 166 178 177 161 168 171 163 162 133 172 132 150 131 121 122 124 119 128 114 69 44 89 45 67 
201 69 166 199 202 187 196 199 190 183 176 178 172 174 180 182 154 186 152 178 142 155 130 138 132 142 126 95 65 99 69 85 169 202 202 186 198 201 182 181 175 180 165 168 170 180 143 181 148 180 132 133 129 130 129 143 121 75 49 102 51 73 
222 50 175 217 218 166 199 203 179 184 175 156 175 176 160 169 137 181 131 155 124 135 116 132 111 120 114 79 50 92 55 69 178 221 221 162 202 205 170 183 172 152 167 173 148 162 122 176 118 151 112 115 113 125 109 123 106 63 39 92 43 61 
138 173 198 212 224 241 189 180 226 214 197 203 192 185 195 214 176 203 155 179 166 170 149 166 136 147 158 107 75 141 79 92 199 210 220 242 181 180 215 208 191 199 183 181 178 205 158 193 138 174 156 142 147 156 129 146 155 85 55 144 58 78 
225 62 180 205 206 178 202 205 181 188 183 156 182 179 162 175 141 180 138 170 125 142 118 129 114 130 109 86 53 82 58 77 184 207 207 176 201 204 173 186 183 152 175 171 151 169 125 174 122 166 112 121 118 119 111 131 97 70 42 77 45 67 
232 37 159 209 213 167 211 211 168 179 179 147 174 179 152 162 139 177 136 152 119 129 111 127 115 122 104 75 52 93 55 71 154 212 215 164 214 213 157 176 178 140 166 176 141 154 125 173 125 145 106 113 109 115 111 124 92 63 37 91 41 62 
207 54 168 204 206 185 201 204 188 182 178 165 174 171 162 166 140 183 135 150 130 132 113 136 111 115 117 77 49 101 54 67 173 206 207 187 204 206 180 182 176 161 167 167 151 159 125 177 124 145 121 115 111 131 110 120 113 62 39 105 42 60 
212 54 159 199 201 178 198 201 183 186 185 163 175 177 162 170 147 183 142 152 132 135 117 133 114 117 121 79 51 94 56 69 156 201 201 176 200 203 174 184 185 158 167 175 149 162 132 177 128 147 122 116 115 126 112 122 117 63 41 95 44 62 
235 32 157 211 214 169 213 214 162 179 177 146 176 178 152 161 136 180 131 150 116 128 115 130 109 117 104 75 52 88 54 68 153 215 217 164 217 216 150 177 177 140 169 175 147 157 121 176 117 145 105 114 114 121 108 121 93 61 42 84 43 62 
207 52 170 201 204 180 198 201 190 181 175 161 174 174 161 161 133 183 129 148 129 128 112 136 109 116 119 75 52 102 56 68 174 204 204 179 201 202 181 179 175 157 168 170 152 157 118 178 115 144 122 113 111 131 109 120 117 60 41 105 43 62 
223 38 164 205 209 162 206 207 179 182 179 150 177 175 154 157 135 174 128 145 121 125 106 123 106 112 109 73 48 87 49 68 165 208 210 158 209 210 170 181 179 143 170 171 147 149 121 169 116 139 114 110 103 113 101 116 102 62 35 85 35 60 
175 102 205 197 200 213 187 190 209 185 183 185 180 172 174 159 135 187 132 149 143 126 106 146 106 116 136 75 49 120 51 71 207 194 196 212 183 187 199 183 184 182 173 164 167 152 121 179 119 141 140 111 103 138 102 119 136 63 35 124 36 62 
219 66 185 193 196 169 211 215 182 182 193 158 181 192 162 175 144 176 136 169 129 144 117 127 117 128 111 89 54 88 56 77 192 194 194 168 213 215 169 181 194 152 170 185 148 167 129 171 121 162 118 122 113 113 113 127 99 74 40 82 39 65 
225 47 166 198 203 158 210 211 172 178 185 152 178 184 156 166 140 174 133 164 123 138 111 123 111 119 108 82 50 84 53 72 169 201 204 153 213 213 161 177 187 147 169 179 144 158 126 169 119 160 112 118 107 110 107 122 98 68 37 78 38 63 
211 64 169 200 203 172 195 198 193 188 186 174 187 180 166 174 151 177 142 169 132 136 115 128 117 129 116 77 52 91 54 72 169 202 204 172 198 200 182 188 187 168 184 175 156 169 136 169 126 165 126 118 111 115 111 129 111 63 37 89 39 63 
233 31 157 208 212 162 211 213 166 180 178 147 177 175 149 159 137 174 129 149 115 125 104 121 104 113 101 70 46 80 48 65 152 212 214 159 215 215 154 181 179 141 172 171 139 152 124 168 117 144 103 111 102 107 101 116 89 60 33 74 35 58 
226 52 158 206 212 165 209 210 180 181 188 160 181 183 163 178 138 178 150 185 130 140 109 126 124 142 108 80 52 92 52 78 153 208 213 160 214 212 171 179 188 154 173 180 149 171 122 172 134 182 115 121 107 114 119 138 95 66 38 89 36 66 
235 41 167 210 217 178 218 215 161 179 180 154 185 180 149 162 136 178 134 150 116 129 108 125 109 115 102 76 49 89 52 69 165 213 220 174 221 216 149 177 181 149 178 176 138 154 123 173 120 144 102 112 105 112 105 118 91 63 36 86 37 61 
229 49 171 209 217 177 215 211 169 180 180 159 188 182 153 165 136 180 136 152 119 131 110 129 109 116 105 77 50 95 53 70 170 211 219 174 218 212 157 177 181 154 181 178 141 156 123 173 122 147 106 113 107 118 105 120 94 65 36 93 39 62 
232 37 170 212 216 170 211 210 167 178 181 147 176 174 152 160 137 177 131 152 119 129 107 123 107 121 105 75 48 85 49 70 168 215 219 166 214 212 156 174 182 140 170 170 141 151 122 172 118 147 106 112 105 111 103 123 94 63 35 83 35 63 
226 46 174 213 214 169 207 212 175 183 179 156 180 179 156 161 138 178 129 149 121 129 109 126 107 115 110 76 49 90 51 71 171 216 216 167 210 213 164 185 178 148 173 174 145 153 125 173 116 141 110 113 105 115 103 117 102 63 35 89 37 62 
230 40 165 206 212 170 208 207 164 182 187 154 177 178 149 162 136 177 132 150 115 128 108 124 107 114 102 74 48 87 50 68 163 209 214 167 211 208 152 182 189 147 168 174 140 155 120 171 119 144 102 111 105 113 103 116 90 62 35 85 36 60 
236 33 158 211 215 169 214 215 165 181 184 146 177 178 150 161 140 176 132 151 115 128 110 124 107 115 102 74 50 88 52 69 155 214 217 165 218 218 153 181 184 139 169 173 138 153 125 171 118 145 102 112 106 110 104 116 89 63 37 81 38 61 
234 31 159 210 214 165 213 214 166 180 183 146 177 176 150 159 138 175 131 148 115 127 108 124 106 113 102 73 49 87 50 67 156 213 216 162 217 216 155 180 183 138 169 172 138 151 124 170 117 142 102 111 105 111 101 115 91 61 35 81 35 59 
207 77 194 215 217 195 197 199 192 186 181 168 180 183 164 167 143 185 141 159 136 140 117 140 119 132 124 86 59 110 61 83 194 217 219 192 198 199 184 185 180 162 171 178 151 158 128 180 126 151 124 119 113 130 114 132 117 71 43 112 45 73 
206 83 197 216 219 199 195 198 193 187 182 171 180 183 166 169 143 186 143 162 137 141 119 143 121 135 126 89 60 112 63 84 197 219 220 195 196 198 185 186 179 166 171 178 154 159 126 180 128 154 126 120 115 132 116 134 119 73 44 115 45 75 
137 87 175 182 190 156 190 204 193 190 198 163 201 195 141 163 150 177 157 172 114 126 127 160 140 148 170 138 122 122 129 132 182 183 187 150 190 203 187 187 200 159 204 191 129 157 133 176 147 173 102 106 124 151 135 155 192 153 129 117 102 120 
151 97 202 196 180 192 221 231 169 181 165 177 177 184 179 184 134 160 127 149 135 151 139 172 158 124 115 102 102 114 112 96 204 194 177 195 222 232 157 180 165 176 164 175 183 202 129 152 112 145 134 143 150 184 184 128 106 86 89 116 96 85 
131 85 179 214 219 183 167 169 161 167 178 176 176 170 142 150 127 171 130 146 154 186 127 134 120 120 120 132 125 145 145 119 181 218 220 180 163 166 151 160 173 176 169 167 130 142 112 162 116 141 163 187 155 118 117 124 107 125 127 164 134 105 
132 78 163 188 182 170 202 207 186 177 175 172 191 183 137 151 143 168 144 156 115 112 112 151 122 112 129 96 116 129 107 82 158 187 179 168 200 204 180 176 169 167 177 175 124 145 128 156 130 154 105 93 105 142 115 111 146 98 130 147 85 77 
133 81 162 200 198 151 190 212 181 187 182 171 206 193 138 156 135 171 147 168 122 121 111 147 123 129 167 151 132 145 134 125 159 200 196 151 189 210 176 182 180 168 206 190 124 153 119 160 131 169 111 100 106 136 114 133 175 158 133 154 109 118 
76 52 153 146 153 137 149 145 147 145 156 153 152 143 129 155 143 164 138 135 167 150 134 138 120 136 153 150 99 88 88 114 158 144 154 134 150 142 139 143 156 153 145 141 116 151 127 152 125 132 166 127 131 122 114 135 142 128 81 77 66 95 
139 54 151 171 166 166 198 202 153 181 162 157 170 160 150 189 149 151 136 153 117 165 150 127 106 96 86 135 125 82 62 48 150 168 163 165 201 205 143 177 158 156 159 156 135 187 131 136 122 150 106 142 147 110 104 94 77 115 102 70 50 41 
124 57 162 189 194 167 168 164 164 181 177 162 169 154 145 184 153 162 141 147 113 167 156 134 109 91 85 127 128 91 73 63 160 191 196 162 170 163 163 178 173 157 160 149 131 182 136 149 128 145 101 142 152 119 106 88 75 106 108 88 59 56 
141 42 151 188 189 160 184 186 134 156 176 149 161 150 114 147 168 142 164 144 109 107 125 110 127 97 147 91 128 120 101 90 147 191 192 156 187 189 123 154 174 144 149 145 101 141 156 127 155 141 103 90 127 95 127 92 166 75 140 134 80 80 
145 44 159 189 189 155 187 190 147 160 173 140 172 176 119 143 169 148 151 156 101 116 125 115 115 98 103 115 116 116 96 65 160 190 191 151 191 193 136 159 171 133 160 171 105 135 163 137 145 155 91 99 132 99 112 95 118 139 129 127 90 64 
126 96 185 198 199 188 158 177 176 187 200 194 202 177 150 174 173 185 169 174 150 145 164 160 170 143 154 117 138 132 138 120 183 202 198 189 154 171 165 184 203 195 198 169 137 169 158 173 150 172 153 123 162 143 166 143 159 97 133 135 105 106 
128 93 191 196 194 171 179 186 190 182 194 198 185 175 164 178 171 186 169 171 135 153 174 166 183 147 156 120 151 133 149 124 194 196 192 171 178 186 188 182 187 193 177 175 155 180 156 173 153 171 130 129 180 151 186 147 172 97 147 128 115 107 
129 104 197 182 194 198 219 218 176 177 204 203 187 177 151 162 176 181 159 149 154 139 155 154 139 126 112 99 125 142 137 84 202 181 189 195 221 216 169 167 201 202 176 167 140 153 162 168 143 141 161 118 170 146 133 124 111 92 110 164 133 70 
151 54 145 190 195 161 197 198 140 158 172 149 183 178 155 181 130 146 127 139 121 150 137 155 138 115 93 97 104 112 103 81 145 192 196 160 195 196 128 152 170 144 174 174 152 197 116 144 118 133 118 142 145 161 155 116 79 79 86 112 87 72 
131 20 138 178 180 153 183 184 126 150 154 135 148 149 103 122 113 136 107 116 78 83 95 134 95 70 68 63 76 128 78 57 135 181 181 148 186 187 115 150 154 135 143 147 91 118 99 125 96 113 69 68 93 121 90 66 58 50 58 119 56 49 
118 143 167 171 195 224 215 196 169 174 169 181 174 163 152 160 204 226 146 161 130 153 171 182 180 151 118 110 133 147 166 110 169 169 196 226 218 195 156 169 162 176 163 154 138 155 203 228 131 157 118 143 184 169 190 158 108 89 113 134 143 93 
116 121 202 172 178 232 180 172 187 177 179 195 178 173 150 166 151 173 133 149 131 133 212 173 155 172 124 132 156 138 160 147 207 167 169 235 172 169 178 174 180 196 170 169 137 168 144 169 120 148 124 109 230 159 154 207 119 117 156 130 149 161 
136 29 140 190 190 172 179 180 128 152 156 138 161 151 108 123 113 135 127 119 79 80 87 117 126 67 62 39 48 81 82 30 138 193 192 169 180 181 121 151 156 132 156 147 97 119 102 124 118 115 70 66 83 101 130 63 53 27 36 71 66 24 
116 121 202 172 178 232 180 172 187 177 179 195 178 173 150 166 151 173 133 149 131 133 212 173 155 172 124 132 156 138 160 147 207 167 169 235 172 169 178 174 180 196 170 169 137 168 144 169 120 148 124 109 230 159 154 207 119 117 156 130 149 161 
121 45 141 183 181 152 177 179 127 191 188 147 152 151 106 175 153 177 114 112 79 94 99 124 72 61 66 36 29 60 25 25 138 182 183 147 180 181 119 186 185 145 145 150 95 173 139 171 102 107 70 75 95 119 67 61 56 24 19 53 16 21 
126 71 187 183 177 151 176 187 201 155 162 195 163 157 185 156 135 199 129 144 120 108 111 165 123 113 78 66 75 107 114 91 191 184 179 147 179 186 197 149 167 196 160 146 177 152 120 196 116 138 114 93 112 163 119 111 66 52 59 106 88 79 
133 53 165 188 186 179 188 188 144 197 183 176 152 146 122 168 145 159 106 113 93 80 86 98 65 56 84 32 22 57 20 20 162 185 185 175 191 191 131 197 176 176 145 141 109 168 127 152 96 110 85 64 82 83 60 54 79 21 15 50 12 15 
92 90 216 195 186 169 172 191 194 164 169 156 149 158 164 136 126 166 127 128 125 80 90 149 99 71 115 73 74 108 80 65 215 192 182 170 170 187 188 157 168 156 137 149 157 129 110 159 114 123 123 62 83 139 93 63 114 60 62 105 65 57 
135 81 201 192 196 205 188 203 183 166 186 171 167 159 146 132 144 162 116 120 113 92 108 132 81 70 103 44 48 103 34 28 202 188 191 205 190 205 174 160 188 164 163 153 136 123 137 152 103 116 108 76 116 125 75 66 103 29 38 110 21 22 
96 83 138 174 184 224 185 168 177 164 151 182 156 168 149 121 105 160 104 127 85 68 71 133 71 54 69 46 39 104 39 37 135 175 179 223 180 163 169 163 147 182 141 164 141 114 91 152 91 121 79 56 65 126 66 49 59 36 30 113 26 32 
137 46 152 184 184 159 189 193 131 166 205 148 170 162 114 131 140 137 117 130 136 114 114 112 101 92 138 110 115 117 102 95 149 187 184 157 191 196 119 164 208 144 161 157 101 123 125 125 103 126 138 94 113 99 95 87 149 95 123 137 83 97 
141 39 149 185 185 164 189 190 145 163 162 147 179 157 134 142 144 140 163 130 106 102 117 113 137 92 142 103 86 89 100 83 146 189 187 160 191 193 133 162 161 142 168 152 121 136 130 125 153 125 96 83 117 97 136 88 146 93 73 93 81 71 
139 45 156 185 186 150 186 190 151 172 169 143 162 168 121 148 136 130 115 132 128 190 119 122 121 110 95 126 110 129 129 103 153 187 188 145 188 189 143 173 170 140 152 165 108 145 124 118 102 127 131 190 139 119 133 116 79 125 100 145 125 97 
134 61 173 196 204 179 185 180 149 171 175 183 181 163 137 161 146 162 140 142 98 121 130 130 131 99 90 90 92 97 91 79 172 198 200 179 184 177 135 167 171 180 172 159 123 153 130 148 125 137 87 101 128 110 132 97 78 74 75 84 78 69 
148 37 176 198 196 168 192 198 161 168 154 148 155 153 143 141 127 135 115 121 113 91 100 106 96 70 103 40 30 59 50 36 172 201 197 163 193 201 151 166 152 147 148 148 133 132 113 124 104 116 107 77 100 93 93 66 104 29 18 52 37 28 
120 33 153 187 186 168 171 176 142 149 154 145 177 158 116 117 106 131 126 119 88 75 75 106 106 76 73 40 43 75 60 41 152 190 187 169 168 174 132 147 152 140 173 153 104 112 94 119 112 110 80 62 73 96 104 72 67 30 33 74 42 34 
139 25 143 183 186 155 184 185 128 168 163 139 154 156 116 131 112 120 106 122 130 92 97 113 111 77 87 62 77 114 76 54 143 185 189 151 186 185 118 168 163 140 144 152 107 125 98 107 95 120 140 77 110 126 143 72 100 51 73 143 73 53 
135 34 143 186 186 154 182 186 133 161 165 163 169 163 113 130 114 131 111 124 140 103 99 115 104 90 133 101 99 121 107 98 139 188 186 153 184 187 122 159 163 166 162 162 101 124 99 118 98 121 150 85 105 119 120 89 153 101 107 152 107 102 
140 39 157 174 181 163 186 186 143 156 154 144 155 163 122 142 112 127 104 123 138 165 111 124 129 109 92 108 107 122 110 90 158 179 183 160 188 185 134 154 151 141 150 160 110 140 101 115 92 120 148 167 124 123 158 119 79 105 112 148 97 82 
134 37 157 191 187 151 183 189 141 166 178 169 168 168 107 137 130 146 115 129 91 100 96 115 87 94 134 117 87 98 78 76 155 194 189 150 186 192 136 170 176 173 157 164 96 130 116 137 100 126 79 81 96 108 80 96 144 127 90 110 69 67 
137 37 147 179 181 156 187 188 146 171 153 159 164 158 117 141 118 133 108 131 132 112 93 105 104 86 89 70 83 132 81 53 144 179 184 148 189 188 135 169 148 158 158 156 105 135 103 122 96 130 137 103 93 94 124 85 91 66 89 163 76 46 
136 38 151 179 181 151 185 186 139 173 166 170 168 177 119 144 117 137 109 134 118 104 95 109 88 86 118 82 82 98 74 69 152 182 183 147 186 186 127 171 165 172 162 174 109 141 99 125 95 129 127 87 94 103 83 86 133 69 82 123 55 65 
104 70 181 197 187 162 164 186 170 174 182 168 176 187 141 178 155 155 142 157 106 125 131 125 115 108 91 88 98 95 106 92 180 199 185 165 162 182 160 166 176 162 169 180 128 173 138 139 129 152 94 104 127 107 111 104 78 71 78 83 82 81 
110 72 163 179 179 161 181 189 177 167 179 169 201 193 147 160 147 172 174 180 105 115 116 137 144 126 97 92 87 104 114 106 161 178 177 157 182 188 166 162 177 164 188 185 134 155 132 156 156 177 93 95 112 119 136 124 83 74 67 90 86 95 
100 95 155 180 188 201 188 175 185 182 201 207 193 189 147 172 169 172 142 160 110 118 143 142 123 115 100 82 105 113 113 93 157 178 184 198 188 174 175 177 202 205 184 190 132 167 154 157 125 158 98 97 142 125 119 113 89 63 86 106 86 82 
157 80 163 202 207 188 207 204 183 189 193 187 193 177 159 187 167 178 156 178 125 147 151 147 146 132 112 111 111 105 102 96 157 204 207 184 209 205 173 183 191 188 184 169 143 179 150 164 139 175 115 122 149 130 143 131 98 89 88 91 75 82 
112 73 133 164 176 194 172 175 143 162 197 201 159 159 125 143 147 172 121 131 103 110 125 134 93 93 88 85 89 81 49 53 133 161 172 196 169 176 132 160 195 201 152 157 113 135 131 160 111 128 93 91 120 120 88 93 77 71 72 72 36 46 
149 84 175 219 227 194 175 179 163 189 197 190 155 163 137 156 149 166 110 130 109 113 122 127 110 108 97 65 69 92 66 57 177 219 224 190 172 178 153 186 192 187 144 162 125 150 130 154 95 130 100 95 119 111 107 108 91 49 51 91 49 46 
140 86 152 184 196 152 207 221 174 183 210 176 205 197 137 152 154 184 150 167 114 121 127 163 131 130 119 155 118 124 112 99 149 187 194 149 208 222 170 182 210 174 198 190 125 144 141 183 133 169 104 101 125 151 123 134 117 166 107 116 88 87 
130 100 141 199 225 166 224 198 160 195 209 163 209 188 148 177 173 184 168 165 113 121 143 147 150 114 93 93 110 132 139 127 138 197 227 165 228 195 152 191 212 168 205 183 138 180 164 179 163 168 112 99 145 135 156 113 96 94 93 152 128 157 
154 109 156 189 204 205 207 198 172 188 221 187 223 185 140 167 158 168 162 161 142 129 153 149 141 124 108 107 145 113 118 100 150 191 201 208 207 201 166 182 226 184 220 180 130 163 142 152 148 154 148 106 164 145 140 122 100 98 150 105 89 87 
161 120 218 213 211 210 214 224 193 184 192 197 183 180 165 144 134 160 125 131 135 87 90 131 83 70 132 50 44 104 47 39 217 208 206 209 215 225 181 181 188 194 173 175 155 137 118 145 111 125 132 69 93 118 76 64 135 36 32 101 32 31 
124 57 156 165 161 205 202 195 143 157 156 168 166 164 116 124 115 150 113 121 90 71 71 114 70 60 74 33 32 82 34 24 153 163 155 210 199 195 132 154 158 166 153 158 105 121 101 145 100 116 85 58 65 106 65 56 71 24 25 85 24 19 
147 79 161 154 185 205 211 212 154 162 175 178 162 157 133 141 139 156 112 123 133 108 133 133 131 96 116 86 114 155 114 76 161 152 178 203 216 216 146 159 172 177 151 149 121 133 126 148 98 119 143 101 153 122 158 104 124 79 108 164 99 67 
143 72 181 218 216 193 197 187 165 186 170 170 183 160 141 155 128 151 140 127 114 119 102 120 117 83 111 156 114 111 95 69 182 217 220 193 195 189 153 183 164 168 174 151 130 151 114 142 131 121 108 102 98 105 117 77 107 159 116 110 86 63 
102 153 183 198 209 246 222 212 167 180 189 225 218 193 150 157 146 198 164 152 120 111 119 166 143 105 118 93 98 132 106 86 182 195 205 248 217 210 153 174 185 222 206 183 133 148 131 193 150 140 108 94 116 158 143 98 108 75 80 129 78 74 
32 114 189 190 215 224 189 184 168 146 188 192 150 149 148 122 130 178 106 108 120 72 87 150 74 53 114 34 31 125 30 22 190 188 210 222 188 180 157 134 184 189 138 141 134 112 114 166 91 102 113 56 81 138 68 46 110 22 20 125 20 16 
69 136 191 173 207 215 203 173 166 199 204 206 205 194 140 171 154 185 155 156 115 132 129 152 138 115 117 115 95 124 110 113 195 166 204 214 211 168 153 197 201 203 192 190 127 166 134 170 138 146 105 110 123 132 133 109 103 96 74 114 81 99 
127 86 145 203 206 200 202 203 150 191 208 171 209 193 140 150 147 150 161 152 115 88 120 126 143 85 98 49 69 101 93 48 141 202 203 204 197 200 138 192 212 164 208 190 128 149 136 134 153 149 118 71 127 111 154 79 98 37 58 97 82 39 
139 74 199 200 189 205 187 203 188 186 185 174 141 170 152 147 140 149 104 134 119 105 129 123 93 95 112 81 117 112 69 58 199 197 184 209 190 204 176 183 182 171 125 162 137 138 127 141 92 130 112 88 144 109 94 107 107 74 120 115 52 51 
137 86 186 186 187 204 219 216 170 174 187 194 160 166 133 140 144 170 116 129 96 91 130 138 90 82 77 57 105 110 79 56 187 188 185 199 222 220 162 166 184 193 146 159 122 132 129 161 102 123 88 73 154 126 84 80 66 45 134 104 86 64 
224 48 184 213 211 176 204 209 173 178 173 167 187 182 146 163 142 156 146 156 116 124 117 124 124 113 100 53 42 80 43 44 179 216 213 174 206 210 162 176 170 162 181 179 134 156 127 142 130 153 108 107 114 107 122 113 98 37 29 69 27 34 
241 37 171 217 214 173 215 221 157 185 183 162 181 183 132 159 132 158 137 151 117 137 129 142 149 138 91 80 72 83 86 78 168 220 216 169 219 224 145 184 185 155 173 180 119 154 117 144 121 144 106 115 127 126 143 137 75 65 56 69 66 69 
239 27 170 215 213 172 214 220 153 181 180 160 180 179 130 149 130 157 133 149 103 100 98 123 101 88 85 46 36 75 37 37 167 219 215 168 218 223 140 180 181 154 173 176 118 143 115 143 120 143 93 84 96 107 97 85 73 34 26 66 25 30 
224 65 169 209 212 165 208 213 177 188 190 138 184 199 144 158 131 142 125 184 111 114 96 125 94 136 99 57 41 92 40 60 172 212 215 162 211 212 169 187 189 132 175 199 129 154 117 131 111 199 100 102 93 112 89 161 93 45 29 87 27 72 
178 124 163 205 226 180 201 202 160 215 240 156 189 189 141 189 189 139 153 174 120 145 171 109 130 128 119 89 115 81 73 73 161 206 221 184 201 202 153 212 246 149 180 184 128 181 175 124 138 167 111 121 178 93 123 126 112 68 102 69 53 59 
168 147 220 213 201 221 203 216 213 187 188 196 195 229 185 186 137 172 142 223 154 136 105 139 122 197 149 102 61 108 72 159 221 211 196 221 199 210 199 179 186 192 184 222 174 180 120 164 124 225 146 112 99 126 114 217 144 84 45 109 47 159 
186 46 152 201 207 191 205 203 143 174 179 164 171 167 124 154 166 149 157 145 90 100 133 120 134 90 72 44 45 80 46 35 149 204 209 188 208 206 131 171 177 159 163 162 114 146 158 136 150 139 80 82 135 104 134 85 62 31 33 75 32 28 
143 99 157 188 191 180 188 187 195 176 172 183 169 168 222 205 139 158 137 204 179 148 158 157 160 143 137 86 92 116 97 81 160 189 191 182 189 189 188 169 172 190 161 160 209 204 122 146 122 208 175 122 167 152 167 142 126 66 73 106 74 66 
169 64 151 196 205 203 205 202 143 166 177 170 173 173 122 157 177 159 172 149 88 105 146 131 144 96 71 43 49 87 50 34 147 199 208 201 210 205 133 161 175 166 162 167 110 151 169 144 161 145 78 85 152 116 142 91 62 32 41 85 44 30 
145 65 153 188 194 193 186 191 146 178 198 168 195 168 121 155 174 165 178 140 86 110 170 142 182 102 77 63 120 111 138 59 151 191 191 197 187 191 134 177 194 163 186 162 108 148 157 149 166 132 76 89 173 120 181 100 69 47 98 94 111 45 
133 82 180 191 192 167 191 192 191 203 189 173 188 199 144 159 141 140 139 149 120 114 120 108 123 104 109 52 49 69 54 46 184 189 189 161 189 189 185 204 189 170 181 197 129 150 125 125 124 139 108 92 118 91 118 97 100 35 35 59 36 34 
146 60 141 190 190 158 187 194 173 187 192 162 191 184 154 171 149 153 146 164 126 137 140 135 145 130 111 90 95 99 97 84 141 189 189 159 187 192 166 182 194 157 186 177 144 166 133 140 132 162 115 117 142 118 144 130 100 73 80 90 76 73 
97 118 183 181 173 169 182 195 196 202 202 206 202 212 170 186 182 195 179 197 137 152 178 168 184 168 130 126 149 139 150 142 181 180 176 165 181 192 186 204 199 209 191 211 158 182 164 186 164 193 126 131 178 149 186 169 122 106 120 134 119 128 
97 199 185 208 205 194 209 212 183 216 209 167 197 208 193 224 200 209 195 220 149 193 217 222 228 192 141 157 219 204 225 158 188 205 202 194 207 210 173 210 203 160 186 204 197 240 187 197 182 241 158 187 241 217 251 220 133 152 215 216 209 162 
116 95 175 169 170 183 185 187 179 186 183 173 191 192 185 215 186 191 178 204 142 155 151 152 149 143 120 70 60 105 63 62 176 167 167 183 189 190 169 182 179 170 181 187 175 212 171 181 163 207 133 134 151 136 146 143 116 54 46 101 46 53 
123 92 170 179 181 176 200 202 172 189 190 168 180 178 174 206 178 181 164 188 138 169 164 149 164 160 114 113 106 103 99 102 171 177 178 176 204 205 162 183 187 163 172 174 162 200 161 169 148 185 128 143 163 132 161 159 103 94 85 95 73 90 
107 85 166 174 176 174 183 185 178 185 183 174 185 185 174 209 181 181 171 197 131 148 144 141 144 138 106 61 52 94 55 54 170 170 171 176 187 188 169 183 181 172 174 179 161 205 166 168 158 199 119 127 143 122 142 139 95 48 39 83 39 45 
138 136 193 196 199 213 203 199 196 199 209 216 221 216 161 182 157 197 166 187 125 140 131 157 148 143 111 91 75 102 92 97 194 195 199 211 205 196 185 193 208 212 209 210 145 176 138 183 147 181 110 116 126 144 139 139 96 73 59 95 68 84 
65 98 184 145 176 195 181 189 179 163 196 195 184 161 137 147 184 195 174 138 108 98 131 158 133 86 102 35 27 124 30 24 190 148 178 192 180 188 172 160 199 193 172 152 126 141 175 179 162 133 103 82 131 138 132 83 100 26 16 124 19 21 
92 95 165 164 152 174 206 208 196 188 187 193 209 195 165 154 143 168 151 165 136 125 116 147 138 134 129 126 133 132 135 120 162 165 148 170 203 204 190 190 182 190 198 188 154 144 128 154 134 160 124 104 110 130 130 130 116 109 111 117 103 106 
110 153 172 181 181 205 193 187 184 191 195 201 197 186 184 215 194 201 185 204 162 198 197 194 204 190 170 200 194 175 198 192 173 179 178 209 189 186 175 185 188 202 194 176 171 208 177 185 168 202 145 167 194 173 199 188 145 168 156 157 150 166 
66 99 153 153 154 159 156 155 167 185 193 181 183 173 161 190 175 186 174 198 141 180 182 172 187 169 137 175 176 154 182 158 155 151 151 158 153 152 159 179 193 180 171 165 145 186 161 170 157 199 127 153 180 147 181 167 117 149 142 134 139 137 
78 110 153 158 161 162 178 181 179 198 199 174 180 179 179 208 180 185 170 191 160 196 190 173 193 188 152 185 173 141 174 178 155 156 157 163 174 176 171 189 193 174 168 171 165 201 161 173 153 185 145 166 187 151 188 188 128 156 140 121 131 156 
57 81 147 142 149 161 157 148 162 155 165 176 172 163 142 172 170 191 176 170 124 155 178 183 191 149 102 118 146 141 151 115 148 139 146 162 154 141 156 149 164 184 162 157 134 168 152 177 159 170 113 131 177 158 188 148 88 96 123 123 115 100 
