27 19 14 21 16 17 16 16 17 14 19 16 16 16 18 18 16 14 15 15 15 18 16 16 16 16 16 17 17 16 16 15 
47 15 16 15 16 16 17 16 16 16 15 15 16 16 15 14 16 16 16 16 16 15 16 16 16 16 16 15 16 16 16 16 
22 17 16 17 16 16 15 16 16 17 17 17 16 16 16 17 16 16 17 16 16 17 16 16 16 16 16 17 16 16 16 16 
50 16 15 19 16 18 16 16 16 16 17 16 16 16 17 16 16 16 16 17 16 18 16 15 16 16 16 16 16 16 16 16 
30 16 16 15 16 17 16 16 16 16 17 17 16 16 15 16 16 16 16 16 15 16 15 16 16 17 16 16 16 16 17 15 
27 16 16 17 16 17 17 16 16 16 16 16 16 16 17 16 16 16 16 16 16 17 16 15 15 15 16 16 16 16 16 16 
48 16 14 18 16 18 17 16 16 16 18 16 16 16 17 16 16 17 16 16 16 16 16 16 16 16 16 16 16 16 16 16 
36 16 17 16 16 16 16 16 16 15 15 16 17 16 16 16 16 16 16 15 16 16 16 16 16 16 16 16 16 16 16 17 
25 16 16 16 16 17 16 16 16 16 17 16 16 16 17 16 16 16 16 16 16 16 16 16 16 16 16 16 16 16 16 16 
50 18 17 18 15 16 16 15 16 18 19 18 17 17 16 15 14 17 17 16 15 17 16 17 15 17 16 16 16 16 17 17 
33 16 15 17 16 16 16 17 16 15 15 15 16 16 16 16 16 15 15 17 16 17 16 17 17 16 17 16 16 17 15 16 
30 17 17 16 16 16 16 15 16 17 17 16 16 16 16 16 16 16 17 16 16 16 16 16 16 16 16 16 16 16 16 16 
53 18 17 17 14 16 16 15 16 16 21 17 16 16 16 15 15 17 18 17 16 17 16 17 15 16 16 16 16 16 17 18 
41 15 15 16 17 15 16 17 17 16 14 15 16 16 16 16 16 16 15 16 16 16 16 16 16 16 17 15 16 17 15 16 
17 17 16 17 16 17 17 16 16 16 17 16 16 16 16 16 16 16 16 16 16 17 16 16 16 16 17 16 16 16 16 16 
24 18 14 19 16 18 18 16 16 14 20 16 17 16 17 18 16 16 16 16 15 19 15 16 18 16 16 17 17 16 16 16 
41 16 16 16 16 16 15 16 16 17 15 16 16 16 16 15 16 16 16 16 17 15 16 16 16 16 16 16 16 16 16 16 
27 16 16 17 16 16 16 16 16 16 16 16 16 16 16 16 16 16 16 16 16 16 16 16 16 16 16 16 16 16 16 16 
27 18 14 19 16 18 19 16 16 16 20 16 16 16 17 18 16 18 16 16 16 19 16 16 17 16 16 17 17 16 17 16 
35 15 16 15 16 15 17 16 16 17 16 16 16 16 16 16 16 17 16 16 17 17 17 16 16 16 16 16 16 16 17 16 
21 17 16 18 16 18 16 16 16 15 17 16 16 16 17 16 16 15 17 16 15 15 16 16 16 16 16 17 16 16 15 16 
46 18 15 18 16 15 18 16 17 15 19 16 16 16 18 17 16 17 15 16 16 18 16 17 17 16 16 17 16 16 15 16 
27 16 16 16 16 16 16 16 16 16 16 16 16 16 16 16 16 16 16 16 16 16 16 16 16 16 16 16 16 16 16 16 
35 16 16 16 16 16 16 16 16 16 16 16 16 16 16 16 16 16 16 16 16 16 16 16 16 16 16 16 16 16 16 16 
37 18 15 19 16 15 19 16 17 15 19 16 15 16 18 18 17 17 15 16 16 18 16 17 17 16 16 17 17 16 15 15 
30 16 16 16 16 16 16 16 16 16 16 16 16 16 16 16 16 16 16 16 16 16 16 16 16 16 16 16 16 16 16 16 
30 16 16 16 16 16 16 16 16 16 16 16 16 16 16 16 16 16 16 16 16 16 16 16 16 16 16 16 16 16 16 16 
55 17 15 17 16 16 16 16 16 16 17 16 16 16 16 16 16 16 16 16 16 16 16 16 16 16 16 16 16 16 16 16 
35 16 16 16 16 16 16 16 16 16 16 16 16 16 16 16 16 16 16 16 16 16 16 16 16 16 16 16 16 16 16 16 
28 16 16 16 16 16 16 16 16 16 16 16 16 16 16 16 16 16 16 16 16 16 16 16 16 16 16 16 16 16 16 16 
58 16 16 17 16 16 16 16 16 16 16 16 16 16 16 16 16 16 16 16 16 16 16 16 16 16 16 16 16 16 16 16 
32 16 16 16 16 16 16 16 16 16 16 16 16 16 16 16 16 16 16 16 16 16 16 16 16 16 16 16 16 16 16 16 
29 16 16 16 16 16 16 16 16 16 16 16 16 16 16 16 16 16 16 16 16 16 16 16 16 16 16 16 16 16 16 16 
57 16 16 16 16 14 16 16 18 16 16 17 13 16 16 16 16 15 15 15 15 17 15 17 16 15 16 16 16 16 16 16 
36 16 16 16 16 17 16 16 15 16 16 16 17 16 16 16 16 16 16 16 17 15 16 16 16 16 16 16 16 16 16 16 
24 17 16 17 16 17 16 16 16 16 16 16 16 16 17 17 16 16 16 16 17 16 16 16 16 17 16 16 16 16 16 16 
58 16 16 16 16 15 16 16 18 16 16 16 14 16 16 16 16 15 15 15 16 17 16 17 16 15 16 16 16 16 16 16 
34 16 16 16 16 16 16 16 16 16 16 16 16 16 16 16 16 16 16 16 16 16 16 16 16 16 16 16 16 16 16 16 
25 16 16 17 16 17 16 16 16 16 17 16 16 16 16 16 16 16 16 16 16 16 16 16 16 16 16 16 16 16 16 16 
56 16 14 17 16 16 16 16 16 16 17 16 16 16 16 16 16 16 16 16 16 16 15 16 16 17 16 16 16 16 16 17 
33 16 16 16 16 16 16 16 16 16 16 16 16 16 16 16 16 16 16 16 16 16 16 16 16 16 16 16 16 16 16 16 
28 16 16 16 16 16 16 16 16 16 16 16 16 16 16 16 16 16 16 16 16 16 16 16 16 16 16 16 16 16 16 16 
54 16 15 18 16 17 16 16 16 16 17 16 16 16 16 16 16 16 16 16 16 16 16 16 16 16 16 16 16 16 16 16 
34 16 16 16 16 16 16 16 16 16 16 16 16 16 16 16 16 16 16 16 16 16 16 16 16 16 16 16 16 16 16 16 
25 17 16 17 16 16 16 16 16 16 17 16 16 16 16 16 16 16 16 16 16 16 16 16 16 16 16 16 16 16 16 16 
56 16 15 17 16 16 16 16 16 16 17 16 16 16 16 15 16 16 16 16 16 16 16 16 16 16 16 16 16 16 17 17 
36 16 16 16 16 16 16 16 16 16 16 16 16 16 16 16 16 16 16 16 16 16 16 16 16 16 16 16 16 16 16 16 
25 17 16 16 16 16 16 16 16 16 16 16 16 16 16 16 16 16 16 16 16 16 16 16 16 16 16 16 16 16 16 16 
54 16 14 17 16 17 16 16 16 16 17 16 16 16 17 16 16 16 17 16 16 17 16 16 16 16 16 16 16 16 16 16 
31 16 16 16 16 16 16 16 16 16 16 15 16 16 16 16 16 16 16 16 16 17 16 16 17 16 16 16 16 16 16 17 
26 16 16 16 16 16 16 16 16 16 17 17 16 16 17 17 16 17 17 17 16 16 16 16 15 16 16 16 16 16 16 16 
54 16 14 18 16 17 17 16 16 16 17 16 16 16 17 16 16 16 17 16 16 17 16 16 16 16 16 16 16 16 16 16 
38 16 16 15 16 16 16 16 16 16 16 17 16 16 16 16 16 16 15 16 16 16 16 16 16 16 16 16 16 16 16 16 
23 17 16 17 16 17 16 16 16 16 16 16 16 16 16 16 16 16 16 16 16 16 16 16 16 16 16 16 16 16 16 16 
57 16 16 17 16 16 17 16 16 16 17 16 16 16 17 16 16 16 16 16 16 16 16 16 16 16 16 16 16 16 16 16 
26 16 16 17 16 16 16 16 16 16 16 16 16 16 17 16 16 16 16 16 16 16 16 16 16 16 16 16 16 16 16 16 
25 17 16 17 16 16 16 16 18 16 16 17 16 16 13 17 16 15 16 15 16 16 16 16 16 16 16 16 16 16 16 16 
59 16 16 16 16 16 16 16 16 16 16 16 16 16 17 16 16 16 16 16 16 16 16 16 16 16 16 16 16 16 16 16 
33 16 16 16 16 16 16 16 16 16 16 16 16 16 15 16 16 16 16 16 16 16 16 16 16 16 16 16 16 16 16 16 
27 16 16 16 16 16 17 16 15 16 16 16 16 16 17 16 16 16 16 17 16 16 16 16 16 16 16 16 16 16 16 16 
42 18 15 19 16 17 17 16 16 15 18 16 16 16 17 17 16 16 16 16 16 17 16 16 16 16 16 17 16 16 16 16 
15 17 16 17 16 17 17 16 16 16 17 16 16 16 17 16 16 16 16 16 16 17 16 16 16 16 16 16 16 16 16 16 
44 15 16 15 16 15 16 16 16 16 15 16 16 16 16 16 16 16 16 16 16 16 16 16 16 16 16 16 16 16 16 16 
14 19 14 22 16 19 19 16 16 14 20 16 16 16 18 18 16 16 16 16 15 18 16 16 16 16 16 17 17 16 16 16 
30 16 16 16 16 16 16 16 16 16 16 16 16 16 16 16 16 16 16 16 16 16 16 16 16 16 16 16 16 16 16 16 
33 16 16 16 16 16 16 16 16 16 16 16 16 16 16 16 16 16 16 16 16 16 16 16 16 16 16 16 16 16 16 16 
55 17 15 17 16 17 16 16 16 16 17 16 16 16 16 16 16 16 16 16 16 16 16 16 16 16 16 16 16 16 16 16 
34 16 16 16 16 16 16 16 16 16 16 16 16 16 16 16 16 16 16 16 16 16 16 16 16 16 16 16 16 16 16 16 
30 16 16 16 16 16 16 16 16 16 16 16 16 16 16 16 16 16 16 16 16 16 16 16 16 16 16 16 16 16 16 16 
14 18 14 20 16 19 19 16 16 15 19 16 16 16 18 18 16 16 16 16 15 18 16 16 16 16 16 17 17 16 16 16 
33 16 16 16 16 16 16 16 16 16 16 16 16 16 16 16 16 16 16 16 16 16 16 16 16 16 16 16 16 16 16 16 
29 16 16 16 16 16 16 16 16 16 16 16 16 16 16 16 16 16 16 16 16 16 16 16 16 16 16 16 16 16 16 16 
59 16 16 16 16 16 16 16 16 16 16 16 16 16 16 16 16 16 16 16 16 16 16 16 16 16 16 16 16 16 16 16 
31 16 16 16 16 16 16 16 16 16 16 16 16 16 16 16 16 16 16 16 16 16 16 16 16 16 16 16 16 16 16 16 
32 16 16 16 16 16 16 16 16 16 16 16 16 16 16 16 16 16 16 16 16 16 16 16 16 16 16 16 16 16 16 16 
18 19 14 21 16 19 18 16 16 14 20 16 16 16 18 17 16 16 16 16 15 18 16 16 16 16 16 17 17 16 16 16 
56 14 17 13 16 15 15 16 16 17 14 16 16 16 15 15 16 16 16 16 17 15 16 16 16 16 16 15 16 16 16 16 
15 17 16 17 16 17 17 16 16 16 17 16 16 16 17 16 16 16 16 16 16 17 16 16 16 16 16 16 16 16 16 16 
45 18 15 18 15 17 18 16 16 16 18 16 16 16 17 15 16 17 17 17 16 16 14 17 17 17 16 17 16 16 16 16 
45 15 17 16 16 16 16 16 16 17 14 15 16 16 15 16 16 16 18 16 17 14 16 17 16 16 16 16 16 16 16 15 
18 17 15 16 16 16 16 16 16 15 18 17 16 16 17 16 16 16 15 16 15 18 16 16 16 16 16 16 16 16 16 16 
55 16 15 18 16 16 16 16 16 15 17 17 16 16 16 17 16 15 16 17 15 17 16 16 17 16 16 16 16 16 17 12 
36 16 16 16 16 16 16 16 16 16 16 16 16 16 16 16 16 16 16 16 16 16 16 16 16 16 16 16 16 16 16 16 
19 16 16 17 16 17 17 16 16 16 17 16 16 16 17 16 16 16 16 16 16 17 16 16 17 16 16 16 16 16 16 17 
56 16 16 17 16 16 16 16 16 16 17 16 16 16 16 16 16 15 16 16 15 17 16 16 17 16 16 16 16 16 16 11 
30 16 16 16 16 16 16 16 16 16 16 16 16 16 16 16 16 16 16 16 16 16 16 16 16 16 16 16 16 16 16 15 
26 16 16 17 16 16 16 16 16 16 16 16 16 16 16 16 16 16 16 16 16 16 16 16 16 16 16 16 16 16 16 17 
51 17 15 18 16 17 16 16 16 15 18 17 16 16 16 17 16 15 16 17 15 18 16 16 17 16 16 16 17 16 17 8 
32 16 16 16 16 16 16 16 16 16 16 16 16 16 16 16 16 16 16 16 16 16 16 16 16 16 16 16 16 16 16 15 
31 16 16 16 16 16 16 16 16 16 16 16 16 16 16 16 16 17 16 16 17 16 16 16 16 16 16 16 16 16 16 19 
48 16 15 18 16 18 18 16 15 15 18 16 16 16 17 17 16 15 16 17 15 17 16 16 15 16 16 17 16 16 17 16 
32 15 16 16 16 16 16 16 17 15 16 15 16 16 16 16 16 16 16 16 16 16 16 16 16 16 16 16 16 16 16 16 
27 17 16 16 16 16 16 16 16 17 17 17 16 16 16 16 16 16 16 16 16 16 16 16 16 17 16 16 16 16 16 16 
49 17 15 18 16 18 18 16 16 15 18 16 16 16 16 17 16 15 17 16 15 17 16 16 15 16 16 17 17 16 17 16 
25 17 16 16 16 17 16 16 16 15 16 15 16 16 16 16 16 16 16 16 16 16 16 16 16 16 16 16 16 16 16 16 
39 15 16 16 16 15 16 16 16 17 15 17 16 16 16 16 16 16 16 16 16 16 16 16 16 16 16 16 16 16 16 16 
49 19 15 17 15 18 18 16 17 16 18 16 16 16 17 15 16 17 17 16 16 16 14 17 16 16 16 17 16 16 16 16 
42 15 17 15 16 16 16 16 16 17 15 15 16 16 15 16 16 16 17 17 17 15 16 17 16 16 16 16 16 16 16 16 
20 17 16 17 16 16 16 16 16 16 17 16 16 16 17 16 16 16 15 16 16 17 17 16 16 16 16 16 16 16 16 16 
28 16 14 19 16 22 17 17 16 14 20 17 17 16 16 19 16 16 17 17 14 17 15 15 17 15 16 17 16 16 16 17 
47 14 16 14 16 16 15 16 16 16 15 16 16 16 15 17 16 16 17 16 16 15 16 16 16 16 16 16 16 16 16 16 
15 18 16 18 16 15 17 16 16 16 17 16 16 16 17 16 16 16 15 16 16 17 17 16 16 16 16 16 16 16 16 16 
42 15 15 18 16 21 16 17 16 15 19 17 17 16 16 18 16 16 17 17 14 16 15 15 17 15 16 17 16 16 16 17 
35 16 16 16 16 16 16 16 16 16 16 16 16 16 16 16 16 16 16 16 16 16 16 16 16 16 16 16 16 16 16 16 
27 17 16 17 16 16 16 16 16 16 16 16 16 16 16 16 16 16 16 16 16 16 16 16 16 16 16 16 16 16 16 16 
7 19 14 19 16 20 19 16 16 14 19 16 16 16 19 18 16 16 16 16 15 18 16 16 16 16 16 18 17 16 16 16 
33 16 16 16 16 16 16 16 16 16 16 16 16 16 16 16 16 16 16 16 16 16 16 16 16 16 16 16 16 16 16 16 
29 16 16 16 16 16 16 16 16 16 16 16 16 16 16 16 16 16 16 16 16 16 16 16 16 16 16 16 16 16 16 16 
15 18 14 18 16 19 19 16 16 14 18 16 16 16 18 18 16 16 16 16 15 17 16 16 16 16 16 17 17 16 16 16 
59 14 17 14 16 14 14 16 16 18 14 16 16 16 14 15 16 16 16 16 17 15 16 16 16 16 16 15 15 16 16 16 
15 17 15 17 16 17 17 16 16 16 17 16 16 16 17 16 16 16 16 16 16 16 16 16 16 16 16 16 16 16 16 16 
19 18 14 21 16 19 18 16 16 15 19 15 16 16 18 17 16 16 16 16 15 18 16 16 16 16 16 17 17 16 16 16 
47 16 16 15 16 15 15 16 16 17 15 16 16 16 15 16 16 16 16 16 16 16 16 16 16 16 16 16 16 16 16 16 
13 16 16 17 16 17 17 16 16 15 17 16 16 16 17 17 16 16 16 16 16 17 16 16 16 16 16 17 16 16 16 16 
42 16 14 18 16 18 17 16 16 15 18 16 16 16 17 17 16 16 16 16 16 17 16 16 16 16 16 16 17 16 16 16 
32 16 16 16 16 16 16 16 16 16 16 16 16 16 16 16 16 16 16 16 16 16 16 16 16 16 16 16 16 16 16 16 
29 16 16 16 16 16 16 16 16 16 16 16 16 16 16 16 16 16 16 16 16 16 16 16 16 16 16 16 16 16 16 16 
57 16 16 17 16 16 16 16 16 16 17 16 16 16 16 15 16 16 16 16 16 17 16 16 16 16 16 16 18 16 16 16 
34 16 16 16 16 16 16 16 16 16 16 16 16 16 16 16 16 16 16 16 16 16 16 16 16 16 16 16 16 16 16 16 
26 16 16 16 16 16 16 16 16 16 16 16 16 16 16 16 16 16 16 16 16 16 16 16 16 16 16 17 16 16 16 16 
57 16 16 17 16 16 16 16 16 16 17 16 16 16 17 15 16 16 16 16 16 17 16 16 16 16 16 16 17 16 16 16 
35 16 16 16 16 16 16 16 16 16 16 16 16 16 16 16 16 16 16 16 16 16 16 16 16 16 16 16 16 16 16 16 
26 16 16 17 16 16 16 16 16 16 16 16 16 16 16 16 16 16 16 16 16 16 16 16 16 16 16 16 16 16 16 16 
59 16 16 16 16 16 16 16 16 16 16 16 16 16 16 16 16 16 16 16 16 16 16 16 16 16 16 16 16 16 16 16 
33 16 16 16 16 16 16 16 16 16 16 16 16 16 16 16 16 16 16 16 16 16 16 16 16 16 16 16 16 16 16 16 
26 16 16 17 16 16 16 16 16 16 16 16 16 16 16 16 16 16 16 16 16 16 16 16 16 16 16 16 16 16 16 16 
57 16 16 17 16 16 16 16 16 16 17 16 16 16 16 16 16 16 16 16 16 16 16 16 16 16 16 16 16 16 16 16 
33 16 16 16 16 16 16 16 16 16 16 16 16 16 16 16 16 16 16 16 16 16 16 16 16 16 16 16 16 16 16 16 
29 16 16 16 16 16 16 16 16 16 16 16 16 16 16 16 16 16 16 16 16 16 16 16 16 16 16 16 16 16 16 16 
52 17 16 18 16 17 18 16 16 16 18 17 16 16 15 15 16 16 15 15 16 18 16 16 17 16 16 16 16 16 17 16 
35 16 16 16 16 16 16 16 16 16 16 16 16 16 16 16 16 16 16 16 16 16 16 16 16 16 16 16 16 16 16 16 
24 16 16 16 16 16 17 16 16 16 17 16 16 16 16 16 16 16 16 16 16 16 16 16 16 16 16 16 16 16 16 16 
53 16 16 18 16 17 18 16 16 16 18 17 16 16 15 15 16 16 16 15 16 18 16 16 17 16 16 16 16 16 17 16 
34 16 16 16 16 16 16 16 16 16 16 16 16 16 16 16 16 16 16 16 16 16 16 16 16 16 16 16 16 16 16 16 
27 16 16 16 16 16 16 16 16 16 16 16 16 16 16 16 16 16 16 16 16 16 16 16 16 16 16 16 16 16 16 16 
57 16 16 17 16 17 16 16 16 16 17 16 16 16 16 16 16 16 16 16 16 17 16 16 16 16 16 16 16 16 16 16 
36 16 16 16 16 16 16 16 16 16 16 16 16 16 16 16 16 16 16 16 16 16 16 16 16 16 16 16 16 16 16 16 
26 16 16 16 16 16 16 16 16 16 16 16 16 16 16 16 16 16 16 16 16 16 16 16 16 16 16 16 16 16 16 16 
56 16 16 17 16 16 16 16 16 16 17 16 16 16 16 16 16 16 16 16 16 16 16 16 16 16 16 16 16 16 16 16 
32 16 16 16 16 16 16 16 16 16 16 16 16 16 16 16 16 16 16 16 16 16 16 16 16 16 16 16 16 16 16 16 
32 16 16 16 16 16 16 16 16 16 16 16 16 16 16 16 16 16 16 16 16 16 16 16 16 16 16 16 16 16 16 16 
58 16 16 17 16 16 16 16 16 16 16 16 16 16 16 16 16 16 16 16 16 16 16 16 16 16 16 16 16 16 16 16 
34 16 16 16 16 16 16 16 16 16 16 16 16 16 16 16 16 16 16 16 16 16 16 16 16 16 16 16 16 16 16 16 
25 16 16 17 16 16 16 16 16 16 16 16 16 16 16 16 16 16 16 16 16 16 16 16 16 16 16 16 16 16 16 16 
60 16 16 16 16 16 16 16 16 16 16 16 16 16 16 16 16 16 16 16 16 16 16 16 16 16 16 16 16 16 16 16 
32 16 16 16 16 16 16 16 16 16 16 16 16 16 16 16 16 16 16 16 16 16 16 16 16 16 16 16 16 16 16 16 
29 16 16 16 16 16 16 16 16 16 16 16 16 16 16 16 16 16 16 16 16 16 16 16 16 16 16 16 16 16 16 16 
43 17 15 19 16 17 17 16 16 15 18 16 16 16 17 17 16 16 16 16 16 17 16 16 16 16 16 17 16 16 16 16 
39 16 16 15 16 16 16 16 16 16 15 16 16 16 16 16 16 16 16 16 16 16 16 16 16 16 16 16 16 16 16 16 
27 16 16 17 16 16 16 16 16 16 16 16 16 16 16 16 16 16 16 16 16 16 16 16 16 16 16 16 16 16 16 16 
47 18 13 18 16 17 16 16 16 16 18 16 16 16 18 17 16 16 16 16 15 17 16 16 15 16 16 16 15 16 16 16 
39 15 17 16 16 16 16 16 16 16 16 16 16 16 16 16 16 16 16 16 16 16 16 16 16 16 16 16 16 16 16 16 
20 17 15 17 16 17 16 16 16 16 17 16 16 16 16 17 16 16 16 16 16 16 16 16 16 16 16 16 16 16 16 16 
50 17 13 16 16 17 16 16 16 15 18 16 16 16 18 17 16 17 16 16 16 17 16 16 16 16 16 16 15 16 16 16 
43 15 17 16 16 15 16 16 16 17 15 16 16 16 15 15 16 16 16 16 16 16 16 16 16 16 16 17 16 16 16 16 
13 18 15 17 16 17 16 16 16 15 17 16 16 16 17 17 16 16 16 16 16 17 16 16 16 16 16 16 17 16 16 16 
48 17 14 18 16 18 17 16 16 15 18 16 16 16 17 17 16 16 16 16 16 17 16 16 16 16 16 11 16 16 16 16 
38 16 17 16 16 15 16 16 16 16 16 16 16 16 16 16 16 16 16 16 16 16 16 16 16 16 16 21 16 16 16 16 
23 16 16 17 16 17 17 16 16 16 17 16 16 16 17 17 16 16 16 16 16 16 16 16 16 16 16 11 16 16 16 16 
51 17 14 17 16 17 17 16 16 15 18 16 16 16 17 17 16 16 16 16 16 17 16 16 16 16 16 13 16 16 16 16 
35 16 17 16 16 16 16 16 16 16 16 16 16 16 16 16 16 16 16 16 16 16 16 16 16 16 16 18 16 16 16 16 
26 16 15 16 16 17 16 16 16 16 16 16 16 16 16 16 16 16 16 16 16 16 16 16 16 16 16 14 16 16 16 16 
32 18 13 19 16 18 18 16 16 15 18 16 16 16 18 17 16 16 16 16 23 19 16 16 16 16 16 17 16 16 16 16 
34 16 16 16 16 16 16 16 16 16 16 16 16 16 16 16 16 16 16 16 14 16 16 16 16 16 16 16 16 16 16 16 
26 16 16 16 16 16 16 16 16 16 16 16 16 16 16 16 16 16 16 16 18 16 16 16 16 16 16 16 16 16 16 16 
44 17 13 18 16 17 17 16 16 15 18 16 16 16 17 17 16 16 16 16 12 17 16 16 16 16 16 17 16 16 16 16 
36 16 17 16 16 16 16 16 16 16 16 16 16 16 16 16 16 16 16 16 19 16 16 16 16 16 16 16 16 16 16 16 
24 16 15 16 16 16 16 16 16 15 16 16 16 16 16 16 16 16 16 16 13 16 16 16 16 16 16 16 16 16 16 16 
56 16 14 16 16 16 16 16 16 16 17 16 16 16 16 16 16 16 16 16 16 17 16 16 16 16 16 16 16 16 16 16 
31 16 17 16 16 16 16 16 16 16 16 16 16 16 16 16 16 16 16 16 16 16 16 16 16 16 16 16 16 16 16 16 
29 16 16 16 16 16 16 16 16 16 16 16 16 16 16 16 16 16 16 16 16 16 16 16 16 16 16 16 16 16 16 16 
40 18 13 19 16 17 17 16 16 15 18 16 16 16 17 17 16 16 16 16 16 17 16 16 16 16 16 17 16 16 16 16 
36 16 17 16 16 16 16 16 16 16 16 16 16 16 16 16 16 16 16 16 16 16 16 16 16 16 16 16 16 16 16 16 
27 16 16 16 16 16 16 16 16 16 16 16 16 16 16 16 16 16 16 16 16 16 16 16 16 16 16 16 16 16 16 16 
23 19 14 19 17 18 17 16 16 15 18 16 16 17 17 17 17 16 16 17 16 17 16 16 16 16 16 17 17 16 16 16 
28 16 16 16 16 16 16 16 16 16 16 16 16 16 16 16 16 16 16 16 16 16 16 16 16 16 16 16 16 16 16 16 
34 16 16 16 16 16 16 16 16 16 16 16 16 16 16 16 16 16 16 16 16 16 16 16 16 16 16 16 16 16 16 16 
28 19 13 18 17 18 18 16 16 15 18 16 16 16 17 18 17 16 17 16 15 17 16 16 16 16 16 18 16 17 16 16 
43 15 16 15 16 15 16 16 16 16 16 16 16 16 16 16 16 16 16 16 16 16 16 16 16 16 16 16 16 16 16 16 
23 17 16 16 16 17 16 16 16 16 16 16 16 16 16 16 16 16 16 16 16 16 16 16 16 16 16 16 16 16 16 16 
28 19 14 19 16 18 18 16 16 15 19 16 16 16 17 17 16 16 16 16 16 17 16 16 16 16 16 17 17 16 16 16 
36 16 16 16 16 16 16 16 16 16 16 16 16 16 16 16 16 16 16 16 16 16 16 16 16 16 16 16 16 16 16 16 
28 16 16 16 16 16 16 16 16 16 16 16 16 16 16 16 16 16 16 16 16 16 16 16 16 16 16 16 16 16 16 16 
24 19 14 19 16 18 18 16 16 15 19 16 16 16 17 17 16 16 16 16 15 17 16 16 16 16 16 17 17 16 16 16 
43 16 16 15 16 16 16 16 16 16 16 16 16 16 16 16 16 16 16 16 16 16 16 16 16 16 16 16 16 16 16 16 
20 17 16 17 16 16 16 16 16 16 17 16 16 16 16 16 16 16 16 16 16 16 16 16 16 16 16 16 16 16 16 16 
54 17 15 17 16 16 16 16 16 16 17 16 16 16 16 16 16 16 16 16 16 16 16 16 16 16 16 16 16 16 16 16 
39 16 16 16 16 16 16 16 16 16 16 16 16 16 16 16 16 16 16 16 16 16 16 16 16 16 16 16 16 16 16 16 
22 16 16 16 16 17 17 16 16 16 16 16 16 16 17 16 16 16 16 16 16 16 16 16 16 16 16 16 16 16 16 16 
27 18 14 19 16 18 18 16 16 15 18 16 16 16 17 17 16 16 16 16 15 17 16 16 16 16 16 17 16 16 16 16 
15 17 16 17 16 17 17 16 16 16 17 16 16 16 16 17 16 16 16 16 16 16 16 16 16 16 16 16 17 16 16 16 
37 16 16 16 16 16 16 16 16 16 16 16 16 16 16 16 16 16 16 16 16 16 16 16 16 16 16 16 16 16 16 16 
38 17 14 18 16 18 17 16 16 15 18 16 16 16 17 17 16 16 16 16 16 17 16 16 16 16 16 16 16 16 16 16 
37 16 16 16 16 16 16 16 16 16 16 16 16 16 16 16 16 16 16 16 16 16 16 16 16 16 16 16 16 16 16 16 
26 16 16 16 16 16 16 16 16 16 16 16 16 16 16 16 16 16 16 16 16 16 16 16 16 16 16 16 16 16 16 16 
59 16 16 16 16 16 16 16 16 16 16 16 16 16 16 16 16 16 16 16 16 16 16 16 16 16 16 16 16 16 16 16 
32 16 16 16 16 16 16 16 16 16 16 16 16 16 16 16 16 16 16 16 16 16 16 16 16 16 16 16 16 16 16 16 
28 16 16 16 16 16 16 16 16 16 16 16 16 16 16 16 16 16 16 16 16 16 16 16 16 16 16 16 16 16 16 16 
58 16 16 16 16 16 16 16 16 16 16 16 16 16 16 17 16 16 16 16 16 16 16 16 16 16 16 16 16 16 16 16 
31 16 16 16 16 16 16 16 16 16 16 16 16 16 16 16 16 16 16 16 16 16 16 16 16 16 16 16 16 16 16 16 
31 16 16 16 16 16 16 16 16 16 16 16 16 16 16 16 16 16 16 16 16 16 16 16 16 16 16 16 16 16 16 16 
25 18 15 20 16 18 18 16 16 15 19 16 16 16 17 18 16 16 16 16 15 18 16 16 16 16 16 17 17 16 16 16 
36 16 16 16 16 16 16 16 16 16 16 16 16 16 16 16 16 16 16 16 16 16 16 16 16 16 16 16 16 16 16 16 
25 16 16 17 16 16 16 16 16 16 16 16 16 16 16 16 16 16 16 16 16 16 16 16 16 16 16 16 16 16 16 16 
34 18 14 19 16 18 18 16 16 15 19 16 16 16 17 17 16 16 16 16 16 17 16 16 16 16 16 17 17 16 16 16 
30 16 16 16 16 16 16 16 16 16 16 16 16 16 16 16 16 16 16 16 16 16 16 16 16 16 16 16 16 16 16 16 
34 16 16 16 16 16 16 16 16 16 16 16 16 16 16 16 16 16 16 16 16 16 16 16 16 16 16 16 16 16 16 16 
34 18 14 19 16 18 18 16 16 16 18 16 16 16 17 17 16 16 16 16 15 17 16 16 16 16 16 17 17 16 16 16 
53 15 17 14 16 15 15 16 16 17 15 16 16 16 15 15 16 16 16 16 17 15 16 16 16 16 16 15 15 16 16 16 
14 17 16 17 16 17 17 16 16 16 17 16 16 16 17 16 16 16 16 16 16 17 16 16 16 16 16 17 16 16 16 16 
13 18 14 21 16 19 18 16 16 15 20 16 15 16 18 18 16 16 16 17 15 17 16 16 16 16 16 17 17 16 16 16 
39 16 16 15 16 16 16 16 16 16 16 16 16 16 16 16 16 16 16 16 16 16 16 16 16 16 16 16 16 16 16 16 
24 16 16 17 16 16 16 16 16 16 16 16 16 16 16 16 16 16 16 16 16 16 16 16 16 16 16 16 16 16 16 16 
49 19 14 15 16 16 16 15 17 17 17 18 16 17 17 17 16 16 16 17 16 18 17 16 14 17 16 16 15 16 16 15 
25 18 16 15 16 15 15 16 17 17 16 18 16 16 16 17 16 16 16 16 16 17 17 16 15 17 16 16 16 16 17 15 
34 15 16 17 16 17 17 16 16 15 16 15 16 16 16 15 16 16 16 16 16 15 16 16 17 16 16 16 16 16 16 17 
47 19 15 20 16 15 16 16 15 13 16 14 15 16 17 17 16 16 14 17 15 17 14 15 19 17 16 16 15 15 15 17 
35 16 16 16 16 16 16 16 16 16 16 16 16 16 16 16 16 16 16 16 16 16 16 16 16 16 16 16 16 16 16 16 
28 16 16 16 16 16 16 16 16 16 16 16 16 16 16 16 16 16 16 16 16 16 16 16 16 16 16 16 16 16 16 16 
56 17 16 17 16 17 16 16 16 16 17 16 16 16 16 16 16 16 16 16 16 17 16 16 16 16 16 16 16 16 16 16 
32 16 16 16 16 16 16 16 16 16 16 16 16 16 16 16 16 16 16 16 16 16 16 16 16 16 16 16 16 16 16 16 
28 16 16 16 16 16 16 16 16 16 16 16 16 16 16 16 16 16 16 16 16 16 16 16 16 16 16 16 16 16 16 16 
58 16 16 17 16 16 16 16 16 16 17 16 16 16 16 16 16 16 16 16 16 16 16 16 16 16 16 16 16 16 16 16 
32 16 16 16 16 16 16 16 16 16 16 16 16 16 16 16 16 16 16 16 16 16 16 16 16 16 16 16 16 16 16 16 
30 16 16 16 16 16 16 16 16 16 16 16 16 16 16 16 16 16 16 16 16 16 16 16 16 16 16 16 16 16 16 16 
58 16 16 16 16 16 16 16 16 16 16 16 16 16 16 16 16 16 16 16 16 16 16 16 16 16 16 16 16 16 16 16 
33 16 16 16 16 16 16 16 16 16 16 16 16 16 16 16 16 16 16 16 16 16 16 16 16 16 16 16 16 16 16 16 
24 16 16 17 16 16 16 16 16 16 16 16 16 16 16 16 16 16 16 16 16 16 16 16 16 16 16 16 16 16 16 16 
40 17 15 19 16 17 17 16 16 16 18 16 16 16 17 17 16 16 16 16 16 17 16 16 16 16 16 17 16 16 16 16 
32 16 16 16 16 16 16 16 16 16 16 16 16 16 16 16 16 16 16 16 16 16 16 16 16 16 16 16 16 16 16 16 
26 16 16 17 16 16 16 16 16 16 16 16 16 16 16 16 16 16 16 16 16 16 16 16 16 16 16 16 16 16 16 16 
58 16 16 17 16 16 16 16 16 16 16 16 16 16 14 16 16 16 11 16 16 15 16 16 16 16 16 16 16 16 16 16 
28 16 16 16 16 16 16 16 16 16 16 16 16 16 15 16 16 16 13 16 16 16 16 15 16 16 16 16 16 16 16 16 
28 16 16 16 16 16 17 16 16 16 16 16 16 16 16 16 16 16 15 16 16 16 16 16 16 16 16 16 17 16 16 16 
57 16 16 17 16 16 16 16 16 16 17 16 16 16 15 16 16 16 12 16 16 16 16 16 16 16 16 16 16 16 16 16 
36 16 16 16 16 16 16 16 16 16 16 16 15 16 18 16 16 16 20 16 16 17 16 17 16 16 16 16 16 16 16 16 
25 17 16 17 16 16 17 16 16 16 16 16 16 16 15 16 16 16 13 16 16 16 16 16 16 16 16 16 17 16 16 16 
57 16 16 17 16 20 16 16 16 17 17 16 18 16 15 16 16 16 16 16 15 18 16 14 16 15 16 17 16 16 16 16 
29 16 16 17 16 12 16 16 16 15 16 16 14 16 18 16 16 16 16 16 17 14 16 18 16 17 16 15 16 16 16 16 
28 16 16 16 16 18 16 16 16 17 16 16 18 16 15 16 16 16 16 16 16 17 16 15 16 15 16 17 16 16 16 16 
57 16 16 17 16 18 16 16 16 17 17 16 17 16 15 16 16 16 16 16 16 17 16 15 16 16 16 17 16 16 16 16 
29 16 16 16 16 18 16 16 16 16 16 16 17 16 15 16 16 16 16 16 16 17 16 15 16 16 16 17 16 16 16 16 
14 17 15 18 16 14 17 16 16 15 17 16 15 16 18 16 16 16 16 16 16 15 16 17 16 17 16 15 16 16 16 16 
57 16 16 17 16 16 16 16 16 16 17 16 16 16 16 16 16 16 16 16 16 16 16 16 16 16 16 16 16 16 16 16 
28 16 16 16 16 16 16 16 16 16 16 16 16 16 16 16 16 16 16 16 16 16 16 16 16 16 16 16 16 16 16 16 
25 16 16 17 16 16 16 16 16 16 16 16 16 16 16 16 16 16 16 16 16 16 16 16 16 16 16 16 16 16 16 16 
59 16 16 16 16 16 16 16 16 17 16 16 16 16 16 16 16 16 17 16 16 16 16 16 16 16 16 16 17 16 16 17 
33 16 16 16 16 16 16 16 16 16 16 16 16 16 16 16 16 16 16 16 16 16 16 16 16 16 16 16 16 16 16 16 
27 17 16 16 16 16 16 16 16 16 16 16 16 16 16 16 16 16 16 16 16 16 16 16 16 16 16 16 17 16 16 16 
58 16 16 17 16 16 16 16 16 16 16 16 16 16 16 16 16 16 16 16 16 16 16 16 16 16 16 16 16 16 16 16 
27 16 16 16 16 16 16 16 16 16 16 16 16 16 16 16 16 16 16 16 16 16 16 16 16 16 16 16 16 16 16 16 
26 16 16 16 16 16 16 16 16 16 16 16 16 16 16 16 16 16 16 16 16 16 16 16 16 16 16 16 16 16 16 16 
50 17 15 18 16 17 17 16 16 15 18 16 16 16 17 17 16 16 16 16 16 17 16 16 16 16 16 16 16 16 16 16 
55 15 17 13 16 15 15 16 16 17 14 16 16 16 15 15 16 16 16 16 17 15 16 16 16 16 16 16 16 16 16 16 
26 16 16 17 16 16 16 16 16 16 16 16 16 16 16 16 16 16 16 16 16 16 16 16 16 16 16 16 16 16 16 16 
60 16 16 16 16 16 16 16 16 16 16 16 16 16 16 16 16 16 16 16 16 16 16 16 16 16 16 16 16 16 16 16 
30 16 16 16 16 16 16 16 16 16 16 16 16 16 16 16 16 16 16 16 16 16 16 16 16 16 16 16 16 16 16 16 
30 16 16 16 16 16 16 16 16 16 16 16 16 16 16 16 16 16 16 16 16 16 16 16 16 16 16 16 16 16 16 16 
57 16 16 17 16 16 16 16 16 16 17 16 16 16 16 16 16 16 16 16 16 16 16 16 16 16 16 16 16 16 16 16 
31 16 16 16 16 16 16 16 16 16 16 16 16 16 16 16 16 16 16 16 16 16 16 16 16 16 16 16 16 16 16 16 
13 17 15 18 16 17 17 16 16 15 17 16 16 16 17 17 16 16 16 16 16 17 16 16 16 16 16 16 16 16 16 16 
58 16 16 16 16 16 16 16 16 16 16 16 16 16 15 16 16 17 16 17 16 15 16 16 16 16 16 16 16 16 16 16 
29 16 16 16 16 16 16 16 16 16 16 16 16 16 15 16 16 16 16 16 16 15 16 16 16 16 16 16 16 16 16 16 
28 16 16 16 16 16 16 16 16 16 16 16 16 16 16 16 16 16 16 16 16 16 16 16 16 16 16 16 16 16 16 16 
59 16 16 16 16 16 16 16 15 16 16 16 16 16 16 16 16 17 16 17 16 16 16 16 16 16 16 16 16 16 17 16 
31 16 16 16 16 16 16 16 16 16 16 16 16 16 15 16 16 16 16 16 16 15 16 16 16 16 16 16 16 16 16 16 
30 16 16 16 16 16 16 16 16 16 16 16 16 16 16 16 16 16 16 16 16 16 16 16 16 16 16 16 16 16 16 16 
50 17 15 18 16 16 16 16 17 16 17 16 16 16 17 17 16 16 16 15 16 17 16 16 16 16 16 16 16 16 16 16 
42 16 16 14 16 16 15 16 16 16 16 16 16 16 16 15 16 15 16 17 16 16 16 16 16 16 16 16 16 16 16 16 
20 17 16 17 16 17 16 16 16 16 16 16 16 16 17 16 16 16 16 16 16 16 16 16 16 16 16 16 16 16 16 16 
55 15 15 17 16 19 18 17 16 18 18 17 17 16 16 15 16 16 14 17 16 17 17 15 15 16 16 17 16 16 16 17 
41 15 16 15 16 15 15 16 16 16 15 16 16 16 16 16 16 16 17 16 16 16 16 16 17 16 16 15 16 16 16 16 
23 16 16 17 16 16 17 16 16 16 17 16 16 16 17 17 16 16 16 16 16 16 16 16 16 16 16 17 16 16 16 16 
56 17 15 17 16 17 16 16 16 16 17 16 16 16 16 16 16 16 16 16 16 16 16 16 16 16 16 17 16 16 16 17 
41 15 16 16 16 15 16 16 16 16 15 15 16 16 15 16 16 16 16 17 16 16 16 16 15 17 16 15 17 16 16 15 
25 16 16 17 16 16 16 16 16 16 16 16 16 16 16 16 16 16 16 16 16 16 16 16 16 16 16 16 16 16 16 16 
58 16 16 17 16 16 16 16 16 16 17 16 16 16 16 16 16 16 16 16 16 16 16 16 16 16 16 16 16 16 16 16 
30 16 16 16 16 16 16 16 16 16 16 16 16 16 16 16 16 16 16 16 16 16 16 16 16 16 16 16 16 16 16 16 
32 16 16 16 16 16 16 16 16 16 16 16 16 16 16 16 16 16 16 16 16 16 16 16 16 16 16 16 16 16 16 16 
57 16 15 17 16 16 16 16 16 16 17 16 16 16 16 16 16 16 16 16 16 17 16 16 17 16 16 16 16 16 16 16 
36 16 16 16 16 16 16 16 16 16 16 16 16 16 16 16 16 16 16 16 16 16 16 16 16 16 16 16 16 16 16 16 
27 16 16 16 16 16 16 16 16 16 16 16 16 16 16 16 16 16 16 16 16 16 16 16 16 16 16 16 16 16 16 16 
55 16 15 17 16 16 16 16 16 16 17 16 16 16 16 16 16 16 16 16 16 16 16 16 16 16 16 17 16 16 16 16 
44 15 17 15 16 15 15 16 16 16 15 16 16 16 16 16 16 16 16 16 16 16 16 16 16 16 16 16 16 16 16 16 
13 17 16 17 16 17 17 16 16 16 17 16 16 16 17 16 16 16 15 16 16 16 16 16 16 16 16 16 16 16 16 16 
57 16 15 17 16 16 16 16 16 16 16 16 16 16 16 16 16 16 16 16 16 16 16 16 16 16 16 16 16 16 16 16 
38 16 16 16 16 16 16 16 16 16 16 16 16 16 16 16 16 16 16 16 16 16 16 16 16 16 16 16 16 16 16 16 
22 16 16 17 16 17 16 16 16 16 16 16 16 16 16 16 16 16 16 16 16 16 16 16 16 16 16 16 16 16 16 16 
58 16 15 17 16 16 16 16 16 16 16 16 16 16 16 16 16 16 16 16 16 16 16 16 16 16 16 16 16 16 16 16 
34 16 16 16 16 16 16 16 16 16 16 16 16 16 16 16 16 16 16 16 16 16 16 16 16 16 16 16 16 16 16 16 
28 16 16 16 16 16 16 16 16 16 16 16 16 16 16 16 16 16 16 16 16 16 16 16 16 16 16 16 16 16 16 16 
57 16 15 17 16 17 16 16 16 16 16 16 17 16 16 17 16 16 16 16 16 16 16 16 16 17 16 17 17 16 16 17 
34 16 16 16 16 16 16 16 16 16 16 16 16 16 16 16 16 16 16 16 16 16 16 16 16 16 16 16 16 16 16 16 
25 16 16 16 16 17 16 16 16 16 17 16 16 16 16 17 16 16 16 16 16 16 16 16 16 16 16 17 17 16 16 17 
10 18 14 20 16 19 20 16 17 15 20 16 15 16 18 16 16 16 17 15 15 18 16 16 15 15 16 16 15 16 15 17 
36 16 16 16 16 16 16 16 16 16 16 16 16 16 16 16 16 16 16 16 16 16 16 16 16 16 16 16 16 16 16 16 
25 16 16 16 16 17 16 16 16 16 16 16 16 16 16 17 16 16 16 17 16 17 16 16 17 17 16 17 17 16 17 16 
56 17 15 17 16 17 16 16 17 16 17 16 17 16 16 17 16 16 17 15 16 17 16 16 16 16 16 16 17 16 16 16 
36 15 16 16 16 16 15 16 15 16 16 16 16 16 16 16 16 16 15 16 16 16 16 16 16 16 16 16 15 16 16 16 
20 18 16 17 16 17 17 16 18 16 17 16 16 16 15 17 16 16 18 15 16 17 16 15 16 16 16 16 18 16 17 16 
51 17 15 18 16 17 17 16 15 16 18 17 15 16 16 17 16 16 15 18 16 18 17 17 16 16 16 17 18 16 15 16 
38 16 16 16 16 16 15 16 17 17 15 14 17 16 17 16 16 16 18 14 16 16 16 15 16 16 16 15 14 16 17 16 
23 16 16 17 16 16 16 16 15 16 17 16 15 16 16 17 16 16 16 17 16 17 16 17 16 16 16 17 18 16 15 16 
51 17 15 18 16 17 17 16 16 16 17 15 16 16 16 16 16 17 17 16 17 17 16 16 16 16 16 17 15 16 17 17 
34 16 16 16 16 16 16 16 16 16 16 15 17 16 15 16 16 16 16 16 16 16 16 16 17 16 16 16 16 16 17 16 
29 16 16 16 16 16 16 16 16 16 16 17 15 16 17 16 16 16 16 17 16 16 16 17 15 16 16 16 16 16 15 16 
51 17 15 18 16 17 17 16 17 16 17 17 16 16 15 15 17 15 15 16 17 17 16 16 16 16 16 17 15 16 15 17 
42 15 16 15 16 16 15 16 16 16 16 14 18 16 18 18 15 17 16 16 15 15 17 14 17 16 16 15 17 16 18 16 
16 17 16 17 16 17 16 16 16 16 17 16 16 16 16 16 16 16 15 16 17 18 16 16 16 16 16 16 15 16 16 16 
46 17 14 18 16 17 17 16 16 16 18 16 16 16 16 17 16 16 16 16 16 18 16 16 16 16 16 17 16 16 16 16 
14 17 16 17 16 17 17 16 16 16 17 16 16 16 16 17 16 16 16 16 16 18 16 16 16 16 16 17 16 16 16 16 
43 16 16 15 16 16 16 16 16 16 15 16 16 16 16 16 16 16 16 16 16 15 16 16 16 16 16 16 16 16 16 16 
55 17 15 17 16 17 17 16 16 16 17 16 16 16 16 16 16 16 16 16 16 17 16 16 16 16 16 16 16 16 16 16 
30 16 16 16 16 16 16 16 16 16 16 16 16 16 16 16 16 16 16 16 16 16 16 16 16 16 16 16 16 16 16 16 
33 16 16 16 16 16 16 16 16 16 16 16 16 16 16 16 16 16 16 16 16 16 16 16 16 16 16 16 16 16 16 16 
57 16 16 17 16 16 16 16 16 16 17 16 16 16 16 16 16 16 16 16 16 16 16 16 16 16 16 16 16 16 16 16 
26 16 16 16 16 16 16 16 16 16 16 16 16 16 16 16 16 16 16 16 16 16 16 16 16 16 16 16 16 16 16 16 
30 16 16 16 16 16 16 16 16 16 16 16 16 16 16 16 16 16 16 16 16 16 16 16 16 16 16 16 16 16 16 16 
53 17 16 17 16 17 17 16 16 16 17 16 16 16 16 16 16 16 16 16 16 17 16 16 16 16 16 17 16 16 16 16 
25 16 16 17 16 16 16 16 16 16 16 16 16 16 16 16 16 16 16 16 16 16 16 16 16 16 16 16 16 16 16 16 
31 16 16 16 16 16 16 16 16 16 16 16 16 16 16 16 16 16 16 16 16 16 16 16 16 16 16 16 16 16 16 16 
57 16 16 16 16 16 16 16 16 16 17 16 16 16 16 16 16 16 16 16 16 16 16 16 16 16 16 16 16 16 16 16 
38 16 16 16 16 16 15 16 16 16 15 16 16 16 16 16 16 16 16 16 16 16 16 16 16 16 16 16 17 16 16 15 
24 16 16 16 16 17 17 16 16 16 17 16 16 16 16 16 16 16 16 16 16 16 16 16 16 16 16 16 16 16 16 16 
26 18 14 21 16 18 18 16 16 15 17 16 16 16 18 17 16 16 16 16 15 17 16 16 16 16 16 17 17 16 16 15 
19 18 15 17 16 18 16 16 16 14 16 18 17 16 16 14 16 16 15 16 15 15 16 15 18 17 16 18 18 16 17 17 
46 15 17 15 16 15 16 16 16 17 16 15 16 16 16 17 16 16 16 16 17 16 16 17 15 16 16 15 15 16 16 16 
57 17 16 17 16 16 16 16 17 16 16 17 16 16 17 15 16 15 17 17 16 17 17 17 16 16 16 17 16 16 15 16 
33 16 16 16 16 16 16 16 16 16 16 16 16 16 15 16 16 17 16 16 16 16 16 16 16 16 16 16 16 16 16 16 
25 17 16 16 16 16 16 16 17 16 16 16 16 16 17 15 16 15 17 17 16 17 16 16 16 16 16 16 16 16 16 15 
57 15 15 17 16 18 18 17 16 18 17 17 17 16 16 16 16 16 15 16 16 16 17 16 15 16 16 17 16 16 16 16 
36 16 16 16 16 15 16 16 16 16 16 16 16 16 16 16 16 16 16 16 16 16 16 16 16 16 16 16 16 16 16 16 
24 16 16 16 16 17 17 16 16 17 17 17 16 16 16 16 16 16 15 16 16 16 17 16 15 16 16 17 16 16 16 16 
54 17 16 17 16 16 17 16 16 16 17 16 16 16 17 16 16 16 16 16 16 17 16 16 16 16 16 16 16 16 16 16 
33 16 16 16 16 16 16 16 16 16 16 16 16 16 16 16 16 16 16 16 16 16 16 16 16 16 16 16 16 16 16 16 
21 17 16 17 16 16 17 16 16 16 17 16 16 16 16 16 16 16 16 16 16 16 16 16 16 16 16 16 16 16 16 16 
55 17 16 17 16 17 16 16 16 16 17 16 16 16 16 16 16 16 16 16 16 17 16 16 16 16 16 16 16 16 16 16 
32 16 16 16 16 16 16 16 16 16 16 16 16 16 16 16 16 16 16 16 16 16 16 16 16 16 16 16 16 16 16 16 
29 16 16 16 16 16 16 16 16 16 16 16 16 16 16 16 16 16 16 16 16 16 16 16 16 16 16 16 16 16 16 16 
58 16 16 16 16 17 16 16 16 16 16 16 16 16 16 16 16 17 16 16 16 16 16 16 16 16 16 16 16 16 16 16 
34 16 16 16 16 16 16 16 16 16 16 16 16 16 16 16 16 16 16 16 16 16 16 16 16 16 16 16 16 16 16 16 
25 16 16 17 16 16 16 16 16 16 16 16 16 16 16 16 16 16 16 16 16 16 16 16 16 16 16 16 16 16 16 16 
54 17 16 18 16 16 16 16 17 16 17 17 16 16 16 17 16 16 16 17 16 17 16 16 16 16 16 17 16 16 16 16 
33 16 16 16 16 16 16 16 16 16 16 16 16 16 16 16 16 16 16 16 16 16 16 16 16 16 16 16 16 16 16 16 
23 16 16 17 16 16 16 16 17 16 16 16 16 16 16 17 16 15 16 16 16 16 16 16 16 16 16 16 16 16 16 16 
56 17 16 18 16 16 17 16 16 16 18 16 17 16 16 16 16 16 16 16 16 16 16 16 16 16 16 16 16 16 16 16 
29 16 16 17 16 16 16 16 16 16 16 16 16 16 16 16 16 16 16 16 16 16 16 16 16 16 16 16 16 16 16 16 
34 16 16 15 16 16 16 16 16 16 16 16 15 16 16 16 16 16 16 16 16 17 16 17 16 16 16 16 16 16 16 16 
45 17 15 18 16 17 17 16 16 16 18 16 15 16 17 17 16 16 16 16 16 18 16 17 16 17 16 16 16 16 16 16 
47 16 17 16 16 15 16 16 16 16 16 16 17 16 15 16 16 17 16 16 16 14 16 15 16 15 16 16 16 16 16 16 
15 17 15 17 16 17 17 16 16 16 17 16 15 16 17 16 16 16 16 16 16 17 16 16 16 16 16 16 16 16 16 16 
58 16 16 17 16 16 16 16 16 16 16 16 16 16 16 16 16 16 16 16 16 16 16 16 16 16 16 16 16 16 16 16 
34 16 16 16 16 16 16 16 16 16 16 16 16 16 16 16 16 16 16 16 16 16 16 16 16 16 16 16 16 16 16 16 
23 16 16 17 16 16 16 16 16 16 16 16 16 16 16 17 16 16 16 16 16 17 16 16 16 16 16 16 16 16 16 16 
58 16 16 16 16 16 16 16 16 16 16 16 16 16 16 16 16 16 16 16 16 17 16 16 16 16 16 16 16 16 16 16 
34 16 16 16 16 16 16 16 16 16 16 16 16 16 16 16 16 16 16 16 16 16 16 16 16 16 16 16 16 16 16 16 
24 16 16 17 16 16 16 16 16 16 16 16 16 16 16 16 16 16 16 16 16 16 16 16 16 16 16 16 16 16 16 16 
52 16 15 18 16 18 17 16 17 16 18 16 16 16 17 17 16 16 18 16 15 18 16 16 16 16 16 17 16 16 16 16 
48 15 17 15 16 16 15 16 15 17 14 15 16 16 16 16 16 15 14 17 17 14 17 16 14 16 16 15 14 16 16 16 
24 18 15 17 16 17 18 17 16 15 16 16 18 16 16 14 16 17 16 17 16 15 16 15 20 16 16 17 18 16 15 14 
57 16 16 17 16 16 16 16 16 16 17 16 16 16 16 16 16 16 17 16 16 17 16 16 16 16 16 17 16 16 16 16 
46 16 17 15 16 15 15 16 16 16 15 16 16 16 16 16 16 16 15 16 17 15 16 16 15 16 16 15 15 16 16 17 
29 16 16 16 16 16 16 16 16 16 16 16 16 16 16 16 16 16 16 16 16 16 16 16 16 16 16 16 16 16 16 16 
57 16 16 17 16 16 16 16 16 16 16 16 16 16 17 16 16 16 16 16 16 17 16 16 16 16 16 16 16 16 16 16 
36 16 16 16 16 16 16 16 16 16 16 16 16 16 16 16 16 16 16 16 16 16 16 16 16 16 16 16 16 16 16 16 
25 16 16 17 16 16 16 16 16 16 16 16 16 16 16 16 16 16 16 16 16 16 16 16 16 16 16 16 16 16 16 16 
58 16 16 16 16 16 17 16 16 16 16 16 16 16 16 16 16 16 16 16 16 16 16 16 16 16 16 17 16 16 16 16 
35 16 16 16 16 16 16 16 16 16 16 16 16 16 16 16 16 16 16 16 16 16 16 16 16 16 16 16 16 16 16 16 
23 16 16 16 16 16 16 16 16 16 17 16 16 16 16 16 16 16 16 16 16 16 16 16 15 16 16 17 16 16 16 16 
57 17 16 17 16 16 17 16 16 16 17 16 16 16 16 16 16 16 16 16 16 17 16 16 16 16 16 17 16 16 16 16 
40 16 16 15 16 16 15 16 16 16 15 16 16 16 16 16 16 16 16 16 16 16 16 16 16 16 16 16 16 16 16 16 
20 17 16 17 16 17 17 16 16 16 17 16 16 16 16 16 16 16 16 16 16 17 16 16 16 16 16 17 16 16 16 16 
58 16 16 16 16 16 16 16 16 16 17 16 15 16 17 16 16 17 16 16 16 17 16 17 16 17 16 16 16 16 16 16 
34 16 16 16 16 16 16 16 16 16 15 16 16 16 16 16 16 16 16 16 16 15 16 16 16 16 16 16 16 16 16 16 
26 16 16 16 16 16 16 16 16 16 17 16 16 16 16 16 16 16 16 16 16 17 16 16 16 16 16 16 16 16 16 16 
57 16 16 17 16 16 16 16 15 16 16 16 16 16 17 16 16 17 16 17 17 17 16 16 16 16 16 16 16 16 16 16 
40 16 16 15 16 16 15 16 17 16 16 16 16 16 15 16 16 15 16 16 16 16 16 16 16 16 16 16 16 16 16 16 
15 16 16 17 16 17 17 16 13 16 17 17 16 17 18 16 16 18 15 17 17 17 16 16 15 16 16 16 16 16 16 16 
58 16 16 16 16 16 16 16 15 16 16 16 16 16 17 16 16 17 16 17 16 17 16 16 16 16 16 16 16 16 16 16 
35 16 16 16 16 16 16 16 17 16 16 16 16 16 16 16 16 16 16 16 16 16 16 16 16 16 16 16 16 16 16 16 
27 16 16 16 16 16 16 16 16 16 16 16 16 16 16 16 16 16 16 16 16 16 16 16 16 16 16 16 16 16 16 16 
57 16 16 17 16 16 17 16 16 16 17 16 16 16 16 16 16 17 16 16 15 16 16 16 17 17 16 16 17 16 17 16 
36 16 16 16 16 16 16 16 16 16 16 16 16 16 16 16 16 16 16 16 16 16 16 16 16 16 16 16 16 16 16 16 
25 16 16 17 16 17 17 16 16 16 16 16 16 16 16 16 16 16 16 16 16 16 16 16 16 16 16 16 16 16 16 16 
57 17 16 17 16 17 17 16 16 16 17 16 16 16 16 16 16 17 17 17 15 16 17 16 17 17 16 16 17 16 17 16 
37 16 16 15 16 15 15 16 16 16 16 16 16 16 16 16 16 16 16 16 17 16 15 16 16 16 16 16 15 16 16 16 
22 17 16 17 16 17 17 16 16 16 17 16 16 16 16 16 16 16 16 16 16 16 16 16 16 16 16 16 16 16 16 16 
54 17 16 17 16 17 17 16 17 15 18 17 15 16 19 16 16 15 16 15 16 20 15 17 15 16 16 16 16 16 17 16 
42 15 16 15 16 17 15 16 16 17 15 16 17 16 15 16 16 16 16 17 16 14 17 15 16 16 16 15 16 16 16 16 
17 17 15 17 16 18 16 16 16 16 17 16 17 16 16 16 16 16 16 16 16 16 16 15 16 16 16 16 16 16 16 16 
54 17 16 17 16 17 17 16 17 15 18 17 15 16 19 16 16 15 16 15 16 20 15 18 15 16 16 16 16 16 17 16 
43 15 16 15 16 17 15 16 16 16 14 16 17 16 14 16 16 16 16 17 16 13 17 15 16 16 16 15 16 16 17 17 
15 17 16 17 16 17 17 16 16 15 17 16 16 16 17 16 16 16 16 16 16 17 16 16 16 16 16 16 16 16 16 16 
30 17 18 16 16 16 16 16 17 16 16 16 17 16 16 16 16 16 16 16 17 16 16 16 16 16 16 16 16 16 16 16 
31 16 17 16 16 16 16 16 16 16 16 16 16 16 16 16 16 16 16 16 16 16 16 16 16 16 16 16 16 16 16 16 
29 16 16 16 16 16 16 16 16 16 16 16 16 16 16 16 16 16 16 16 16 16 16 16 16 16 16 16 16 16 16 16 
29 14 21 16 17 16 16 16 17 16 16 16 16 17 17 16 17 16 17 16 16 16 17 17 16 16 16 16 16 15 16 16 
32 16 17 16 16 15 16 16 16 16 16 16 16 16 16 16 16 16 16 16 16 16 16 16 16 16 16 16 16 16 16 16 
29 16 15 16 16 16 16 16 16 16 16 16 16 16 16 16 16 16 16 16 16 16 16 16 16 16 16 16 16 16 16 16 
28 16 19 16 16 16 16 16 16 17 16 16 16 16 16 16 16 16 16 16 16 16 16 16 16 16 16 16 16 17 16 16 
32 16 16 16 16 15 16 16 16 16 16 16 16 16 16 16 16 16 16 16 16 16 16 16 16 16 16 16 16 16 16 16 
28 16 16 16 16 16 16 16 16 16 16 16 16 16 16 16 16 16 16 16 16 16 16 16 16 16 16 16 16 16 16 16 
30 16 18 16 16 16 16 16 16 16 16 16 16 16 16 16 16 16 16 16 16 16 16 16 16 16 16 16 16 16 16 16 
32 16 17 16 16 15 16 16 16 16 16 16 16 16 16 16 16 16 16 16 16 16 16 16 16 16 16 16 16 16 16 16 
28 16 16 16 16 16 16 16 16 16 16 16 16 16 16 16 16 16 16 16 16 16 16 16 16 16 16 16 16 16 16 16 
30 16 18 16 16 15 16 16 16 16 16 16 16 16 16 16 16 16 16 16 16 16 16 16 16 16 16 16 16 16 16 16 
32 16 16 16 16 15 16 16 16 16 16 16 16 16 16 16 16 16 16 16 16 16 16 16 16 16 16 16 16 16 16 16 
28 16 16 16 16 16 16 16 16 16 16 16 16 16 16 16 16 16 16 16 16 16 16 16 16 16 16 16 16 16 16 16 
27 12 16 14 13 15 14 17 18 17 16 17 15 15 16 15 17 15 16 16 16 15 16 17 15 16 15 16 16 17 17 16 
31 16 16 16 15 16 16 15 16 16 16 17 16 16 16 16 16 16 16 16 16 16 16 16 16 16 16 16 16 16 16 16 
31 17 16 16 18 16 15 17 16 16 16 15 17 17 16 16 17 16 16 16 16 16 16 16 16 16 17 16 16 16 16 16 
24 19 17 14 20 13 17 16 18 17 16 16 16 16 16 16 17 16 16 16 16 16 16 16 16 16 17 16 16 16 16 16 
32 16 17 17 15 17 16 16 16 16 16 16 16 16 16 16 16 16 16 16 16 16 16 16 16 16 16 16 16 16 16 16 
31 16 15 15 17 16 16 16 16 16 16 16 16 16 16 16 16 16 16 16 16 16 16 16 16 16 16 16 16 16 16 16 
26 16 23 15 15 15 17 15 18 16 16 16 15 15 16 16 16 16 15 15 16 16 16 16 16 16 16 16 16 16 16 17 
32 16 14 15 16 16 16 16 15 16 16 16 17 16 16 16 16 16 16 16 16 16 16 16 16 16 16 16 16 16 16 16 
30 16 19 17 16 17 16 16 17 16 16 15 15 16 16 16 16 16 15 16 16 16 16 16 16 16 16 16 16 16 16 16 
31 17 20 16 16 16 16 16 16 17 16 16 16 16 16 16 16 16 16 16 16 16 16 16 16 16 16 16 16 16 16 16 
37 16 17 16 16 16 16 16 16 16 16 16 16 16 16 16 16 16 16 16 16 16 16 16 16 16 16 16 16 16 16 16 
12 16 16 16 16 17 16 16 16 16 17 16 16 16 16 16 16 16 16 16 16 16 16 16 16 16 16 16 16 16 16 16 
32 17 19 16 16 16 16 16 16 16 16 16 16 16 16 16 16 16 16 16 16 16 16 16 16 16 16 16 16 16 16 16 
36 16 16 16 16 16 16 16 16 16 16 16 16 16 16 16 16 16 16 16 16 16 16 16 16 16 16 16 16 16 16 16 
11 16 17 16 16 17 16 16 16 16 16 16 16 16 16 16 16 16 16 16 16 16 16 16 16 16 16 16 16 16 16 16 
26 17 19 16 15 16 16 16 16 16 16 16 16 16 16 17 16 16 16 16 16 16 16 16 16 16 16 16 17 16 16 16 
46 17 18 15 16 15 17 16 16 17 16 16 17 16 17 15 16 16 16 16 18 16 16 16 16 16 16 16 16 16 16 16 
23 15 15 17 16 16 16 16 16 15 16 16 16 16 15 17 16 16 16 16 15 16 16 16 16 16 16 16 16 16 16 16 
27 16 19 16 16 16 16 16 16 17 16 16 16 16 16 16 16 16 16 16 17 16 16 16 16 16 16 16 16 16 16 16 
46 16 16 15 16 15 16 16 16 15 16 16 16 16 16 16 16 16 16 16 13 16 16 16 16 16 16 16 16 16 16 16 
23 16 16 17 16 16 16 16 16 16 16 16 16 16 16 16 16 16 16 16 18 16 16 16 16 16 16 16 16 16 16 16 
23 17 21 15 16 17 17 16 16 16 17 17 16 17 16 17 16 16 16 17 18 17 16 16 16 16 16 16 16 15 16 16 
47 16 20 15 16 15 15 16 16 21 13 16 16 16 17 14 16 16 16 15 12 16 16 16 16 16 15 20 19 17 16 16 
23 16 14 17 16 16 17 16 16 14 17 16 16 16 16 17 16 16 16 17 18 16 16 16 16 16 16 14 15 16 16 16 
29 17 21 16 16 17 16 16 16 16 16 16 16 16 16 16 16 16 16 16 16 16 16 16 16 17 17 16 16 16 16 17 
35 16 18 15 16 16 16 16 16 16 16 16 16 16 16 16 16 16 16 16 16 16 16 16 16 16 16 16 16 16 16 16 
12 16 14 17 16 16 16 16 16 15 16 16 17 16 15 15 17 16 16 16 16 16 16 16 16 16 16 16 16 17 17 17 
28 17 20 16 17 13 16 15 16 17 16 16 16 16 15 15 16 16 16 16 16 16 16 16 16 16 16 16 16 16 16 16 
31 16 16 16 16 16 16 16 16 16 16 16 16 16 16 16 16 16 16 16 16 16 16 16 16 16 16 16 16 16 16 16 
31 16 16 16 16 16 16 16 16 16 16 16 16 16 16 16 16 16 16 16 16 16 16 16 16 16 16 16 16 16 16 16 
23 16 20 14 13 17 18 15 13 14 16 15 16 16 16 13 18 15 18 18 16 16 18 20 17 17 18 13 16 14 19 17 
31 15 16 16 17 16 16 16 15 16 16 16 16 16 16 16 15 17 17 17 16 16 16 15 15 16 17 16 16 15 16 17 
32 16 16 16 16 16 16 16 17 16 16 16 16 16 16 16 16 16 16 16 16 16 16 16 16 16 15 16 16 16 16 16 
26 15 20 16 16 15 14 15 16 17 17 17 16 16 15 14 16 17 16 15 15 12 13 16 16 16 15 12 17 15 16 16 
32 16 15 16 16 15 15 16 16 15 16 15 16 16 17 17 16 16 16 17 16 16 15 16 16 16 16 16 15 16 16 16 
32 16 16 16 16 16 16 16 16 16 16 16 16 16 16 16 16 16 16 16 16 16 17 16 16 16 16 16 17 16 16 16 
28 18 19 15 18 13 17 16 16 17 16 16 16 16 15 16 16 16 16 16 16 16 16 16 16 16 15 16 16 16 16 16 
31 16 16 16 16 16 16 16 16 16 16 16 16 16 16 16 16 16 16 16 16 16 16 16 16 16 16 16 16 16 16 16 
31 16 16 16 16 16 16 16 16 16 16 16 16 16 16 16 16 16 16 16 16 16 16 16 16 16 16 16 16 16 16 16 
26 15 20 16 16 15 14 15 16 17 17 17 16 16 15 14 16 17 16 15 15 12 13 16 16 16 15 12 17 15 16 16 
32 16 15 16 16 15 15 16 16 15 16 15 16 16 17 17 16 16 16 17 16 16 15 16 16 16 16 16 15 16 16 16 
32 16 16 16 16 16 16 16 16 16 16 16 16 16 16 16 16 16 16 16 16 16 17 16 16 16 16 16 17 16 16 16 
26 16 21 15 16 14 16 16 16 16 15 16 16 16 15 16 16 16 16 16 16 16 16 16 16 16 16 16 16 16 16 16 
31 16 16 16 16 16 16 16 16 16 16 16 16 16 16 16 16 16 16 16 16 16 16 16 16 16 16 16 16 16 16 16 
30 16 16 16 16 16 16 16 16 16 16 16 16 16 16 16 16 16 16 16 16 16 16 16 16 16 16 16 16 16 16 16 
27 17 22 14 16 13 17 16 16 16 15 16 16 16 15 16 16 16 16 16 16 16 16 16 16 16 16 16 16 16 16 16 
31 16 16 16 16 16 16 16 16 16 16 16 16 16 16 16 16 16 16 16 16 16 16 16 16 16 16 16 16 16 16 16 
30 16 17 16 16 17 16 16 16 16 16 16 16 16 16 16 16 16 16 16 16 16 16 16 16 16 16 16 16 16 16 16 
26 17 20 15 16 13 17 16 16 17 16 16 17 16 15 16 17 16 16 16 18 14 15 16 16 17 15 16 17 17 16 16 
31 16 16 16 16 16 16 16 16 16 16 16 16 16 16 16 16 16 16 16 16 16 16 16 16 16 16 16 16 16 16 16 
30 16 16 16 16 17 16 16 16 16 16 16 16 16 16 16 16 16 16 16 16 16 16 16 16 16 16 16 16 16 16 16 
22 16 20 12 16 14 16 15 16 15 15 16 16 16 17 16 15 16 16 16 12 17 16 16 16 16 16 17 15 16 16 14 
34 16 15 15 16 16 16 16 16 15 17 16 16 16 17 16 16 16 16 16 16 16 16 16 16 17 16 16 16 16 16 16 
28 16 17 17 16 17 16 16 16 17 16 16 16 16 15 16 17 16 16 16 17 16 16 16 16 15 16 16 16 16 16 16 
25 15 25 12 16 18 16 17 16 18 11 16 18 16 11 16 15 16 16 16 17 16 16 19 16 17 16 16 16 15 16 11 
37 16 18 17 16 12 16 15 16 20 16 16 18 16 18 16 17 16 16 16 15 15 16 16 16 15 16 18 16 18 16 15 
25 16 16 15 16 20 16 17 16 12 17 16 15 16 15 16 15 16 16 16 17 17 16 15 16 17 16 15 16 14 16 18 
23 12 23 14 16 11 15 15 16 19 18 17 17 16 16 19 16 15 15 15 16 15 16 16 17 15 17 19 17 17 14 18 
33 16 17 15 16 15 17 15 16 15 15 16 16 16 16 16 16 16 16 16 16 16 17 17 17 16 16 17 18 16 16 16 
29 16 16 17 16 17 16 16 16 17 17 15 16 17 16 16 16 16 16 16 16 16 16 15 16 16 16 15 15 16 16 16 
30 17 19 16 16 15 16 16 16 16 16 16 17 16 16 16 16 16 16 16 17 17 16 16 16 16 16 16 16 16 16 16 
35 16 16 15 16 15 16 16 16 16 16 16 16 16 16 16 16 16 16 16 16 16 16 16 16 16 16 16 16 16 16 16 
16 16 17 17 16 17 16 16 16 15 17 16 17 16 17 17 16 16 16 16 17 16 17 16 16 16 16 16 16 16 16 16 
32 16 19 16 16 16 16 16 16 15 16 16 16 16 16 16 16 16 16 16 16 16 16 16 16 16 16 16 16 16 16 16 
34 16 16 16 16 16 16 16 16 16 16 16 16 16 16 16 16 16 16 16 16 16 16 16 16 16 16 16 16 16 16 16 
14 16 17 16 16 16 16 16 16 16 16 16 16 16 16 16 16 16 16 16 16 16 16 16 16 16 16 16 17 16 16 16 
30 16 21 15 16 16 16 16 16 16 16 16 16 16 16 16 16 16 15 16 16 16 16 16 16 16 16 16 16 16 17 16 
35 16 16 16 16 16 16 16 16 16 16 16 16 16 16 16 16 16 16 16 16 16 16 16 16 16 16 16 16 16 16 16 
14 16 16 16 16 16 16 16 16 16 16 16 15 16 16 16 16 16 15 16 16 16 16 16 16 16 16 16 16 16 16 16 
27 15 25 14 16 13 16 16 15 17 15 16 16 16 16 16 17 16 16 16 17 16 16 16 16 16 16 16 16 16 16 16 
34 16 15 15 16 17 16 16 16 15 16 16 16 16 15 16 16 16 16 16 16 16 16 16 16 17 16 16 16 16 16 16 
28 16 18 16 16 15 16 16 16 17 16 16 16 16 17 16 16 16 16 16 16 16 16 16 16 16 16 16 16 16 16 16 
31 15 24 14 18 14 16 16 16 16 16 16 16 16 15 16 15 16 16 16 17 16 16 16 16 16 16 16 16 16 16 16 
34 18 15 16 17 15 15 17 16 16 16 16 17 16 18 16 15 16 16 16 16 16 16 16 16 15 16 16 16 16 16 16 
28 14 17 16 16 17 17 16 16 17 16 16 15 16 15 16 17 16 16 16 16 16 16 16 16 17 16 16 16 16 16 16 
29 12 21 15 16 15 15 16 16 17 16 16 15 17 16 16 16 16 16 16 16 16 16 16 17 16 16 15 16 16 16 16 
33 14 13 15 17 15 17 17 16 16 16 16 17 16 16 16 16 16 16 16 16 16 16 16 16 16 16 16 16 16 16 16 
29 18 18 17 16 18 15 16 16 16 16 16 15 16 16 16 16 16 16 16 16 16 16 16 16 16 16 16 16 16 16 16 
33 16 18 16 16 16 16 16 16 16 16 16 16 16 16 16 16 16 16 16 16 15 16 16 16 16 16 16 16 16 16 16 
28 16 17 16 16 16 16 16 16 16 16 16 16 16 16 16 16 16 16 16 16 16 16 16 16 16 16 16 16 16 16 16 
32 16 16 16 16 16 16 16 16 16 16 16 16 16 16 16 16 16 16 16 16 16 16 16 16 16 16 16 16 16 16 16 
32 16 18 16 16 16 16 16 16 16 16 16 16 16 16 16 16 16 16 16 16 17 16 16 16 16 16 16 16 16 16 16 
27 16 17 16 16 16 16 16 16 16 16 16 16 16 16 16 16 16 16 16 16 16 16 16 16 16 16 16 16 16 16 16 
31 16 16 16 16 16 16 16 16 16 16 16 16 16 16 16 16 16 16 16 16 16 16 16 16 16 16 16 16 16 16 16 
32 16 18 16 16 16 16 16 16 16 16 16 16 16 16 16 16 16 16 16 15 16 16 16 16 16 16 16 16 16 16 16 
27 16 17 16 16 16 16 16 16 16 16 16 16 16 16 16 16 16 16 16 16 16 16 16 16 16 16 16 16 16 16 16 
32 16 16 16 16 16 16 16 16 16 16 16 16 16 16 16 16 16 16 16 16 16 16 16 16 16 16 16 16 16 16 16 
31 16 18 16 16 16 16 16 16 16 16 16 16 16 16 16 16 16 16 16 16 17 16 16 16 16 16 16 16 16 16 16 
36 16 16 15 16 15 16 16 16 16 16 16 16 16 16 16 16 16 16 16 16 16 16 16 16 16 16 16 16 16 16 16 
13 16 17 17 16 17 16 16 16 16 16 16 16 16 16 16 16 16 16 16 16 16 16 16 16 16 16 16 16 16 16 16 
32 16 18 16 16 16 16 16 16 16 16 16 16 16 16 16 16 16 16 16 16 15 16 16 16 16 16 16 16 16 16 16 
36 16 16 16 16 15 16 16 16 16 16 16 16 16 16 16 16 16 16 16 16 16 16 16 16 16 16 16 16 16 16 16 
14 16 17 16 16 17 16 16 16 16 16 16 16 16 16 16 16 16 16 16 16 16 17 16 16 16 16 16 16 16 16 16 
31 16 18 16 16 15 16 16 16 17 16 16 16 16 16 16 16 16 16 16 17 15 16 16 16 16 16 16 16 16 16 16 
35 16 16 16 16 15 16 16 16 16 16 16 16 16 16 16 16 16 16 16 16 16 16 16 16 16 16 16 16 16 16 16 
15 16 17 16 16 17 16 16 16 16 16 16 16 16 16 16 16 16 16 16 16 17 16 16 16 16 16 16 16 16 16 16 
25 16 16 15 17 13 16 16 16 16 16 16 16 16 16 15 15 16 16 16 18 16 15 16 16 16 16 15 16 16 17 16 
32 16 16 16 16 16 16 16 16 16 16 16 16 16 16 16 16 16 16 16 16 16 16 16 16 16 16 16 16 16 16 16 
29 16 16 16 16 16 16 16 16 16 16 16 16 16 16 16 16 16 16 16 16 16 16 16 16 16 16 16 16 16 16 16 
22 16 19 14 17 13 16 16 17 15 17 16 17 16 16 16 16 16 16 16 16 17 16 16 16 16 16 16 17 16 16 16 
32 16 16 16 16 16 16 16 16 16 16 16 16 16 16 16 16 16 16 16 16 16 16 16 16 16 16 16 16 16 16 16 
29 16 16 16 16 16 16 16 16 16 16 16 16 16 16 16 16 16 16 16 16 16 16 16 16 16 16 16 16 16 16 16 
25 13 20 13 18 13 16 14 17 17 15 17 16 16 16 16 16 16 15 17 16 16 16 17 15 16 17 17 16 16 16 16 
32 16 16 16 16 16 16 16 16 16 16 16 16 16 16 16 16 16 16 16 16 16 16 16 16 16 16 16 16 16 16 16 
29 16 16 16 16 17 16 16 16 16 16 16 16 16 16 16 16 16 16 16 16 16 16 16 16 16 16 16 16 16 16 16 
25 17 25 20 16 14 16 16 16 17 19 16 16 16 16 16 16 16 16 16 16 16 16 16 16 16 16 17 16 16 16 16 
36 16 16 15 16 16 16 16 16 15 14 16 16 16 16 16 16 16 16 16 16 17 16 16 16 16 16 14 17 16 16 16 
30 16 17 16 16 17 16 16 16 16 17 16 16 16 16 16 16 16 16 16 16 16 16 16 16 16 16 16 16 16 16 16 
23 16 22 13 16 13 16 16 16 16 16 16 16 16 17 16 16 16 16 16 16 18 16 16 16 16 16 16 18 17 16 16 
38 16 17 18 16 16 17 16 16 16 15 16 16 16 14 16 15 16 16 16 16 16 16 16 16 15 16 16 15 15 16 15 
30 16 17 16 16 16 16 16 16 16 16 16 16 16 17 16 16 16 16 16 16 16 16 16 16 16 16 16 16 16 16 16 
28 16 23 18 16 17 16 16 16 17 16 16 15 16 14 16 15 16 16 16 17 16 16 14 16 18 16 15 16 16 16 15 
40 16 16 14 16 13 16 16 16 15 16 16 20 16 18 16 18 16 17 16 16 16 16 16 16 14 16 16 16 17 16 17 
28 16 16 16 16 17 16 16 16 16 16 16 15 16 16 16 16 16 16 16 16 16 16 16 16 16 16 16 16 16 16 16 
28 17 18 16 16 16 16 17 16 17 16 16 17 16 16 16 16 16 16 16 16 16 16 16 17 16 16 16 16 16 16 16 
31 16 17 16 16 15 16 16 16 16 16 16 16 16 16 16 16 16 16 16 16 16 16 16 16 16 16 16 16 16 16 16 
29 16 15 16 16 16 16 16 16 16 16 16 16 16 16 16 16 16 16 16 16 16 16 16 16 16 16 16 16 16 16 16 
28 16 19 15 16 16 16 16 16 17 16 16 16 16 16 16 16 16 16 16 16 16 16 16 16 16 16 16 16 16 16 16 
38 16 17 15 16 15 16 16 17 17 16 16 16 16 16 16 16 16 16 16 16 16 16 16 16 16 16 16 16 16 16 16 
28 16 15 17 16 16 16 16 16 15 16 16 16 16 16 16 16 16 16 16 16 16 16 16 16 16 16 16 16 16 16 16 
30 22 18 16 16 18 16 16 16 16 16 16 16 16 17 16 16 16 16 16 16 16 16 16 16 16 16 16 16 16 16 16 
39 17 17 15 16 14 16 16 16 16 15 16 16 16 16 17 16 16 16 16 16 14 16 16 16 16 16 16 17 16 16 16 
29 15 15 16 17 16 16 16 16 16 16 16 16 16 16 16 16 16 16 16 16 17 16 16 16 16 16 16 16 16 16 16 
35 12 24 18 14 18 15 14 16 18 18 16 16 16 17 15 15 17 16 16 18 22 15 16 16 16 15 13 18 16 17 16 
39 18 16 15 16 15 17 16 15 15 15 16 16 16 16 17 16 15 15 16 15 13 16 16 16 15 17 17 15 16 17 14 
26 15 16 16 16 16 16 16 16 16 16 16 16 16 16 16 16 16 17 16 16 17 16 16 16 17 16 16 16 16 16 17 
32 11 20 15 15 15 14 16 16 16 16 16 17 16 15 15 16 16 16 16 16 16 16 16 16 16 16 16 16 16 16 16 
31 17 16 15 16 14 16 16 16 16 16 16 16 16 16 16 16 16 16 16 16 16 16 16 16 16 16 16 16 16 16 16 
30 15 17 16 16 17 16 16 16 16 16 16 16 16 16 16 16 16 16 16 16 16 16 16 16 16 16 16 17 16 16 16 
31 23 17 16 14 15 16 18 15 16 16 17 15 16 17 14 16 17 15 16 16 15 17 16 16 16 16 16 16 16 16 16 
32 17 17 16 16 15 16 16 16 16 16 16 16 16 16 16 16 16 16 16 16 16 17 16 16 15 16 16 16 16 15 16 
25 15 16 16 17 17 16 16 16 16 16 16 16 17 17 16 16 16 16 17 16 15 16 16 16 17 16 16 17 16 18 16 
31 19 19 15 15 16 16 16 16 16 16 16 16 17 17 17 17 16 16 16 16 16 16 16 16 16 16 16 16 16 16 16 
31 16 16 16 16 15 16 16 16 16 16 16 16 16 16 16 16 16 16 16 16 16 16 16 16 16 16 16 16 16 16 16 
26 16 16 16 17 16 16 16 16 16 16 16 16 16 16 16 16 16 16 16 16 16 16 16 16 16 16 16 16 16 16 16 
16 15 17 15 14 12 18 15 18 17 16 18 17 18 18 17 15 17 18 16 16 16 16 16 16 17 15 16 13 17 15 16 
34 16 15 15 17 16 16 16 16 16 18 16 16 17 15 17 17 16 16 16 17 16 17 17 15 15 15 17 17 18 16 14 
29 16 17 16 16 16 16 16 16 17 15 16 16 17 16 16 16 14 16 17 15 17 16 16 16 17 16 15 16 16 16 17 
15 12 16 11 13 15 19 20 10 14 18 14 14 17 14 17 18 16 16 16 17 15 16 17 14 17 14 18 18 14 16 15 
33 16 17 15 17 14 15 17 15 17 16 16 16 16 16 16 16 15 15 16 16 16 16 17 15 15 17 16 16 17 16 17 
30 16 16 15 15 17 16 17 17 16 16 16 17 16 16 15 15 17 16 16 16 16 16 16 16 16 16 17 16 16 15 16 
17 14 17 12 20 17 15 14 14 15 16 16 17 15 15 16 17 14 16 17 16 16 15 15 18 18 17 16 12 13 15 18 
36 18 14 19 14 17 20 14 17 13 17 13 17 17 18 13 17 16 16 16 16 15 16 13 17 15 19 16 16 19 18 14 
27 15 17 16 17 16 14 17 18 17 17 15 17 18 14 15 17 16 13 17 17 16 16 16 14 17 14 17 16 16 16 16 
31 15 18 16 17 14 15 17 16 16 16 16 16 17 15 16 17 16 16 16 16 15 16 16 16 15 17 16 16 16 16 16 
31 16 16 16 16 14 16 16 16 16 16 16 16 16 16 16 16 16 16 16 16 16 16 16 16 17 16 16 16 16 16 16 
29 16 16 16 16 17 16 16 16 16 16 16 16 16 16 16 16 17 16 16 16 16 16 16 16 15 16 17 16 16 16 16 
29 19 16 16 16 16 16 16 16 17 16 16 15 16 16 18 16 16 17 16 17 17 17 16 17 16 16 16 16 15 16 16 
31 16 16 16 16 14 16 17 16 16 16 16 16 16 16 16 16 17 16 16 17 16 16 17 17 16 16 16 16 16 16 16 
29 16 16 16 17 17 17 15 16 16 16 16 16 16 16 16 16 15 16 15 14 16 16 15 15 16 17 16 15 16 16 16 
31 17 16 15 17 15 16 16 16 16 16 16 16 17 16 16 16 17 16 16 16 16 16 16 17 16 17 17 16 16 16 16 
33 16 16 15 16 15 16 16 16 16 16 16 16 16 16 16 16 16 16 16 16 16 16 16 16 16 16 16 16 16 16 16 
26 16 16 17 16 16 17 16 16 17 16 17 16 16 16 16 16 16 16 16 16 16 16 16 16 16 16 16 16 16 17 16 
57 16 16 16 16 16 17 17 16 16 16 15 16 17 16 16 16 16 16 15 17 16 17 15 16 14 15 16 16 16 16 16 
27 17 17 16 16 16 16 16 16 16 16 16 16 16 16 16 16 16 16 16 16 16 16 16 16 16 16 16 16 16 16 16 
33 16 16 16 16 16 16 16 16 16 16 16 16 16 16 16 16 16 16 16 16 16 16 17 16 17 16 16 16 16 16 16 
58 16 16 16 16 17 17 16 16 16 16 15 17 17 16 16 17 16 16 15 17 16 16 16 16 14 15 16 16 16 15 17 
33 16 16 16 16 16 16 17 16 16 16 16 16 16 16 16 16 16 16 16 16 16 16 16 16 16 16 16 16 16 16 16 
25 16 16 16 16 16 16 16 16 16 16 17 16 15 16 16 16 16 16 17 16 16 16 16 16 17 16 16 16 16 16 16 
58 16 16 16 16 16 17 16 16 16 16 16 17 17 16 16 16 16 16 16 17 16 16 16 16 15 16 16 16 16 15 16 
35 16 16 16 16 16 16 16 16 16 16 16 16 16 16 16 16 16 16 16 16 16 16 16 16 17 16 16 16 16 16 16 
27 16 16 16 16 16 16 16 16 16 16 16 16 16 16 16 16 16 16 16 16 16 16 16 16 16 16 16 16 16 16 16 
57 16 16 16 16 16 16 16 16 16 16 16 16 16 16 16 16 16 16 16 16 16 16 16 16 16 16 16 16 16 16 16 
30 16 16 16 16 16 16 16 16 16 16 16 16 16 16 16 16 16 16 16 16 16 16 16 16 16 16 16 16 16 16 16 
30 16 16 16 16 16 16 16 16 16 16 16 16 16 16 16 16 16 16 16 16 16 16 16 16 16 16 16 16 16 16 16 
50 17 16 16 16 16 17 16 16 17 16 16 16 16 14 15 16 16 16 16 16 16 16 16 16 16 16 16 17 16 16 15 
20 16 16 16 16 16 17 16 16 17 16 16 16 16 15 16 16 16 16 16 16 16 16 16 16 16 16 16 16 16 16 16 
34 16 16 16 16 16 15 16 16 15 16 16 16 16 17 16 16 16 16 16 16 16 16 16 16 16 16 16 16 16 16 16 
42 15 16 19 16 20 15 16 17 15 19 16 16 16 18 13 16 17 16 16 16 17 16 16 16 16 16 16 11 16 16 16 
33 16 16 16 16 16 17 16 16 16 16 16 16 16 16 15 16 16 16 16 16 16 16 16 16 16 16 16 16 16 16 16 
28 15 16 15 16 15 15 16 16 16 16 16 16 16 16 18 16 16 16 16 16 16 16 16 16 16 16 16 17 16 16 16 
51 16 16 16 16 16 16 16 16 16 16 16 16 16 17 18 16 16 16 16 16 16 16 16 16 16 16 12 16 16 16 16 
30 16 16 16 16 16 16 16 16 16 16 16 16 16 16 16 16 16 16 16 16 16 16 16 16 16 16 17 16 16 16 16 
33 16 16 16 16 16 16 16 16 16 16 16 16 16 16 16 16 16 16 16 16 16 16 16 16 16 16 15 16 16 16 16 
46 16 11 14 16 16 16 16 16 16 17 16 16 16 16 16 16 16 16 16 17 16 16 16 16 16 16 16 16 16 16 16 
36 16 19 18 16 16 16 16 16 16 16 16 16 16 16 16 16 16 16 16 16 16 16 16 16 16 16 16 16 16 16 16 
24 16 13 14 16 16 16 16 16 16 17 16 16 16 16 16 16 16 16 16 17 16 16 16 16 16 16 16 16 16 16 16 
46 16 16 16 16 16 16 16 16 16 16 16 16 16 17 18 16 16 16 16 16 16 16 16 16 16 16 11 16 16 16 16 
39 16 16 16 16 16 16 16 16 16 16 16 16 16 15 14 16 16 16 16 16 16 16 16 16 16 16 21 16 16 16 16 
22 16 16 16 16 17 16 16 16 16 16 16 16 16 17 18 16 16 16 16 16 16 16 16 16 16 16 11 16 16 16 16 
39 16 16 16 16 15 16 16 16 16 16 16 16 16 16 16 16 16 16 16 16 16 16 16 16 16 16 16 16 16 16 16 
47 16 16 16 16 16 16 16 16 16 16 16 16 16 16 16 16 16 16 16 16 16 16 16 16 16 16 16 16 16 16 16 
15 16 16 16 16 16 16 16 16 16 16 16 16 16 16 16 16 16 16 16 16 16 16 16 16 16 16 16 16 16 16 16 
32 16 17 16 16 16 16 16 16 16 16 16 16 16 16 16 16 16 16 16 16 17 16 16 16 16 16 16 16 16 16 16 
55 16 16 15 16 16 16 16 16 17 15 16 16 16 16 16 16 16 16 16 17 16 16 16 16 16 16 16 16 16 16 16 
20 16 16 16 16 16 16 16 16 16 16 16 16 16 16 16 16 16 16 16 16 16 16 16 16 16 16 16 16 16 16 16 
34 16 16 16 16 16 16 16 16 16 16 16 16 16 16 16 16 16 16 16 16 16 16 16 16 16 16 16 16 16 16 16 
56 16 16 15 16 16 16 16 16 16 14 16 16 16 16 17 16 16 16 16 15 16 16 16 16 16 16 15 16 16 16 16 
15 16 16 16 16 16 16 16 16 17 17 16 16 16 16 16 16 16 16 16 17 16 16 16 16 16 16 16 16 16 16 16 
30 16 16 11 16 11 16 16 16 16 16 16 16 16 15 16 16 16 16 16 16 16 16 16 16 16 16 16 16 16 16 16 
57 16 16 13 16 13 16 16 16 16 14 16 16 16 16 16 16 16 16 16 16 16 16 16 16 16 16 16 16 16 16 16 
13 16 16 18 16 18 16 16 16 16 16 16 16 16 16 16 16 16 16 16 16 16 16 16 16 16 16 16 16 16 16 16 
15 16 16 16 16 16 16 16 16 16 17 16 16 16 17 16 16 16 16 16 16 16 16 16 16 16 16 16 16 16 16 17 
58 16 16 16 16 16 16 16 16 16 15 16 16 16 15 16 16 16 16 16 16 16 16 16 16 16 16 16 16 16 16 15 
17 16 16 16 16 16 16 16 16 16 17 16 16 16 17 16 16 16 16 16 16 16 16 16 16 16 16 16 16 16 16 16 
24 16 16 16 16 16 16 16 16 16 16 16 16 16 16 16 16 16 16 16 16 16 16 16 16 16 16 16 16 16 16 16 
33 16 16 16 16 16 16 16 16 16 16 16 16 16 16 16 16 16 16 16 16 16 16 16 16 16 16 16 16 16 16 16 
28 16 16 16 16 16 16 16 16 16 16 16 16 16 16 16 16 16 16 16 16 16 16 16 16 16 16 16 16 16 16 16 
27 16 16 16 16 16 16 16 16 16 16 16 16 16 16 16 16 16 16 16 16 16 16 16 17 16 16 16 16 16 16 16 
34 16 16 16 16 16 16 16 16 16 16 16 16 16 16 16 16 16 16 16 16 16 16 16 16 16 16 16 16 16 16 16 
25 16 16 16 16 16 16 16 16 16 16 16 16 16 16 16 16 16 16 16 16 16 16 16 16 16 16 16 16 16 16 16 
21 16 16 16 16 16 16 16 16 16 16 16 16 16 16 16 16 16 16 16 16 16 16 16 16 16 16 16 16 16 16 16 
40 16 16 16 16 16 16 16 16 16 16 16 16 16 16 16 16 16 16 16 16 16 16 16 17 16 16 16 16 16 16 16 
23 16 16 16 16 16 16 16 16 16 16 16 16 16 16 16 16 16 16 16 16 16 16 16 16 16 16 16 16 16 16 16 
44 18 14 16 16 16 16 16 13 16 16 15 14 17 17 15 16 16 16 17 15 14 15 17 16 17 16 17 11 16 16 16 
32 16 16 16 16 16 16 16 16 16 16 16 16 16 16 16 16 16 16 16 16 16 16 16 16 16 16 16 16 16 16 16 
32 16 16 16 16 16 16 16 16 16 16 16 16 16 16 16 16 16 16 16 16 16 16 16 16 16 16 16 16 16 16 16 
24 12 16 10 17 17 14 14 16 16 16 16 16 16 13 16 15 16 16 16 16 15 16 16 16 16 16 8 16 16 16 16 
51 16 18 21 14 19 15 18 16 17 15 15 16 19 18 15 18 16 16 15 15 17 17 17 17 18 14 24 17 16 17 16 
24 15 16 13 15 15 16 20 16 16 15 16 17 16 16 17 18 16 17 17 16 17 17 15 16 14 17 14 16 16 16 15 
18 12 16 15 16 17 15 16 13 16 13 16 17 16 21 16 16 19 16 17 16 16 16 16 16 17 16 16 17 16 17 16 
54 18 17 17 15 12 18 16 16 17 17 16 16 16 11 17 16 17 16 15 16 15 16 16 16 16 16 17 15 15 16 16 
25 16 16 15 16 15 17 16 17 16 16 16 16 16 17 16 16 15 16 16 16 16 16 16 16 16 16 16 16 16 16 16 
20 18 12 16 17 17 17 17 16 16 16 16 16 16 16 16 17 16 16 16 16 16 16 16 16 16 16 17 16 16 16 16 
51 17 15 15 17 13 16 16 16 16 16 16 16 16 15 16 16 16 16 16 16 16 16 16 16 16 16 15 16 16 16 17 
23 16 16 16 16 17 16 16 16 16 16 16 16 16 16 16 16 16 16 16 16 16 16 16 16 16 16 17 16 16 16 16 
15 14 14 15 15 16 17 16 17 15 16 16 16 16 15 16 17 15 15 16 16 15 16 16 16 16 16 16 16 16 16 16 
52 17 16 15 16 15 16 17 16 16 15 15 16 16 16 15 16 16 16 16 16 16 16 15 16 16 17 16 16 16 16 16 
22 16 16 17 16 17 16 15 16 16 16 16 16 16 16 17 16 16 16 16 16 16 16 16 16 16 16 16 16 16 16 16 
12 16 16 16 16 16 16 16 16 16 16 16 16 16 16 16 16 16 16 16 16 15 16 16 16 16 16 15 16 16 16 16 
57 16 16 16 16 16 16 16 16 16 14 16 16 16 14 16 16 16 16 16 16 17 16 16 16 16 16 17 16 16 16 16 
18 16 16 16 16 16 16 16 16 16 17 16 16 16 17 16 16 16 16 16 16 16 16 16 16 16 16 16 16 16 16 16 
15 18 14 12 16 11 16 16 15 15 16 16 16 15 14 16 17 16 16 16 14 16 16 16 16 16 16 16 16 16 16 16 
56 17 17 15 17 12 16 15 16 16 16 16 16 16 16 16 15 16 16 16 17 16 16 16 16 16 16 16 16 16 16 16 
16 16 15 16 16 17 16 17 16 16 17 16 16 16 16 16 16 16 16 16 16 16 16 16 16 16 16 16 16 16 16 16 
